18.0 2.34576564853 6.22470713525 1.19444444444 3.23673602124 3.0 0.72001290312 0.0 70.7540020347 
24.0 1.09941272793 1.48207312744 1.35208333333 0.0495604227941 2.0 0.671677852859 0.0 69.2799040675 
16.0 1.66288456612 6.66932907348 1.365625 3.5573946875 2.0 1.10647502015 0.0 71.5873986483 
1.0 1.0806761932 0.444621938232 1.5 0.000534705882353 1.0 0.728429123738 0.0 80.430598259 
19.0 2.05645268212 8.21380527997 1.17631578947 3.84420365325 3.0 1.04153304759 0.0 71.7005464435 
1.0 0.399998048148 0.444621938232 1.5 0.000534705882353 1.0 0.728429123738 0.0 77.5149133801 
16.0 1.48860753057 4.779685836 1.25 1.07180559743 3.0 0.871774759592 1.0 70.0507053733 
19.0 1.9531310579 8.07339835211 1.23947368421 3.84266160991 4.0 1.39062722149 0.0 72.2326496243 
2.0 1.22799959351 1.3338658147 1.5 0.0149156617647 1.0 0.351709231408 0.0 79.8522236943 
29.0 1.71525698052 2.86704491205 1.18620689655 0.147822925963 2.0 0.474660367534 0.0 68.2973223925 
31.0 1.58199843382 2.32350819334 1.2064516129 0.0887330882353 10.0 1.15039659764 1.0 67.5982359052 
28.0 1.62294602601 2.30250646585 1.23928571429 0.0919809716387 10.0 1.08295053768 0.0 68.2177495956 
14.0 1.39680060185 5.43073938841 1.11071428571 1.30796544118 3.0 0.95345016202 1.0 69.9646425247 
20.0 1.80881394338 1.95633652822 1.2325 0.0640758014706 8.0 1.3765042027 1.0 71.1052906513 
15.0 1.88463568495 2.10454384097 1.15333333333 0.077226745098 6.0 1.11207359729 1.0 71.1994090676 
30.0 1.68887322788 2.96414625488 1.16666666667 0.149120284314 6.0 1.37535903769 1.0 67.958086729 
30.0 1.6881986842 2.32685481008 1.19666666667 0.0907142352941 10.0 1.33742080903 1.0 68.9535319805 
2.0 1.15409528563 1.3338658147 1.5 0.0149156617647 1.0 0.351709231408 0.0 79.4446879625 
14.0 1.34676630997 5.0813935798 1.21428571429 1.21381610294 3.0 0.912504797194 1.0 69.7316491604 
12.0 1.75622360283 1.74143592474 1.15 0.0562572181373 4.0 0.747884457967 1.0 72.8048786521 
10.0 2.03715710176 1.28940362087 1.35 0.0371680588235 4.0 1.13588563331 1.0 73.4673857689 
27.0 1.66727453199 2.3713170039 1.22962962963 0.09527916122 11.0 1.24585122 0.0 69.5809087157 
23.0 1.63149808597 2.02979580497 1.23260869565 0.0634886189258 8.0 1.18250219833 1.0 69.9184420705 
8.0 1.5139684039 1.88964323749 1.25 0.195228198529 2.0 1.14388206704 1.0 75.436835289 
12.0 2.16237635153 1.88964323749 1.22083333333 0.144846580882 0.0 0.0 1.0 76.7133793235 
9.0 1.74222686322 1.23506093953 1.33333333333 0.0383140196078 4.0 0.920845371038 1.0 74.0677586198 
24.0 1.64051011105 2.35279108981 1.2125 0.0929868627451 8.0 1.43015818887 1.0 70.9494888783 
28.0 2.2306383012 3.93808002434 1.25178571429 0.669527956933 3.0 1.50828438313 1.0 69.5894405246 
18.0 2.35286340268 6.27410957283 1.19444444444 3.23836373366 4.0 0.940563944373 0.0 70.4935589433 
13.0 2.53872233853 1.12865568936 1.27307692308 0.068497081448 2.0 1.17085432251 1.0 73.7154465914 
27.0 1.69843867019 1.82789019051 1.26481481481 0.137954188453 1.0 0.703919411315 0.0 70.9879174829 
28.0 1.7967035224 2.36602388559 1.1875 0.0949960136555 7.0 1.01442975152 1.0 68.1617608666 
18.0 1.7501589281 4.54502425748 1.26388888889 0.957599207516 5.0 1.42433458364 1.0 71.454192996 
21.0 2.38562538118 1.79966022618 1.11904761905 0.179406659664 2.0 0.924445597405 0.0 70.0259914994 
33.0 1.54214525664 1.67070061639 1.23181818182 0.121889108734 2.0 1.21718685753 0.0 69.9837073684 
31.0 1.62079919884 2.32350819334 1.2064516129 0.0887330882353 10.0 1.19148265407 1.0 67.8370302916 
8.0 1.79900904813 1.22271033014 1.28125 0.0263688235294 2.0 1.49120117306 1.0 76.1875128746 
1.0 0.699008553026 0.444621938232 0.75 0.000543088235294 1.0 0.0 1.0 78.7914270163 
14.0 1.93987905322 1.14331355545 1.45357142857 0.0356260714286 3.0 1.20503987569 1.0 72.8965753317 
42.0 1.47525949693 1.86317764593 1.37619047619 0.119729327731 2.0 1.33228923769 1.0 70.6103950739 
17.0 2.03217368387 1.88310467957 1.36176470588 0.214614463668 3.0 0.525376074316 1.0 71.505535841 
10.0 1.83162547889 2.89004259851 1.185 0.0724911176471 1.0 0.759003692891 1.0 75.74878335 
14.0 1.62073135639 6.41525939449 0.664285714286 0.288084012605 2.0 1.45289635868 1.0 73.2121306658 
21.0 1.32470382858 1.90552259242 1.35238095238 0.0848875840336 2.0 1.01763603817 0.0 69.5399013162 
50.0 1.86261025846 1.68067092652 1.256 0.217039614706 3.0 1.22819004724 0.0 70.2999922633 
18.0 1.69406307531 1.3338658147 1.35 0.0819819771242 1.0 0.527748187184 0.0 72.8836104274 
14.0 1.71633748653 4.25566712308 0.917857142857 0.156256292017 0.0 0.0 0.0 74.0243244171 
27.0 2.00306730035 1.74555279454 1.5 0.0642242429194 1.0 0.184647404297 1.0 73.1615933776 
13.0 1.31562000679 2.15470631605 1.26538461538 0.0568181447964 0.0 0.0 0.0 75.4949468374 
6.0 1.65946504755 1.48207312744 1.03333333333 0.0161142647059 0.0 0.0 1.0 80.3794378042 
35.0 2.11934635411 2.73124904914 1.23714285714 0.321120096639 3.0 1.1689604394 0.0 69.7483024001 
15.0 1.9356084387 1.98597799077 1.34333333333 0.239287441176 3.0 0.668860292636 0.0 72.2545111179 
4.0 1.61317365201 1.55617678381 0.875 0.0161199264706 0.0 0.0 1.0 81.5657392144 
13.0 2.01540207941 1.19705906447 1.45 0.0381411651584 6.0 1.20946310461 1.0 71.2226384878 
11.0 1.92728679012 3.23361409623 1.15 0.0795480748663 1.0 0.759003692891 1.0 74.9229356647 
3.0 1.65981547769 4.29801206958 0.766666666667 0.0684084803922 1.0 1.0531910834 1.0 81.2856334448 
19.0 2.03764414995 4.02499859873 1.26052631579 0.588061973684 4.0 1.27065863771 1.0 70.2921494842 
7.0 2.40827943949 1.71497033318 1.41428571429 0.0627035504202 1.0 1.50929618702 1.0 78.3513244987 
14.0 1.77528035959 1.90552259242 1.26071428571 0.166322384454 0.0 0.0 0.0 76.2492468953 
31.0 1.96041270724 2.69641691573 1.26290322581 0.31916404649 3.0 0.56134571582 0.0 69.2771276832 
21.0 2.10859363389 1.88435011917 1.37142857143 0.193293459384 4.0 0.895178018976 1.0 69.258159101 
27.0 1.68715257022 2.05843489922 1.33333333333 0.133629776688 2.0 0.723520122612 0.0 70.3807303309 
1.0 0.699008553026 0.444621938232 0.75 0.000543088235294 1.0 0.0 1.0 78.7914270163 
2.0 1.33420139773 2.44542066028 1.05 0.0293658823529 1.0 1.0531910834 1.0 80.0549554825 
18.0 1.81375290008 5.8294876346 0.708333333333 0.236954591503 3.0 1.58054838217 1.0 70.6885695457 
14.0 2.01410435099 4.60501293169 0.914285714286 0.153469842437 0.0 0.0 1.0 74.8203918338 
50.0 1.72158756131 1.59174653887 1.275 0.195835864706 4.0 0.855755157245 0.0 68.8303273916 
19.0 2.22937356067 1.98909814472 1.35789473684 0.2120699613 4.0 1.08018165396 1.0 69.4004285336 
16.0 1.90205765839 2.50099840256 1.2875 0.0558834650735 1.0 0.495338141691 1.0 72.7789843082 
25.0 1.92076957934 1.1560170394 1.304 0.0717439823529 4.0 1.07518474466 1.0 69.8470667005 
7.0 2.13908859069 3.55697550586 0.814285714286 0.0460408193277 0.0 0.0 1.0 79.8286902905 
17.0 1.89365261668 1.41232850968 1.37647058824 0.0666405536332 2.0 1.40094249291 1.0 72.6216474175 
19.0 1.98949301771 2.73793509332 1.25263157895 0.0650882352941 1.0 0.495338141691 1.0 71.7821002007 
33.0 1.84147645176 1.52249330364 1.33939393939 0.0935411675579 1.0 1.84950327245 0.0 72.771460712 
38.0 1.61156447585 1.75508659828 1.36315789474 0.117228332043 2.0 0.997295161201 1.0 70.1839566231 
10.0 1.69402226055 1.24494142705 1.4 0.0480655294118 1.0 0.722304606172 1.0 76.4849558473 
15.0 1.65253986857 5.75044373447 0.676666666667 0.241194215686 3.0 1.16846229887 1.0 71.6729041934 
25.0 1.92076957934 1.1560170394 1.304 0.0717439823529 4.0 1.07518474466 1.0 69.8470667005 
5.0 2.43741983169 0.622470713525 1.5 0.00856823529412 0.0 0.0 1.0 79.5408177376 
40.0 1.93331753651 1.87852768903 1.3075 0.199981875 1.0 0.613120557305 0.0 70.3930416703 
11.0 1.43504779477 0.97008422887 1.42272727273 0.0201421122995 1.0 1.71321492995 1.0 75.3289565444 
32.0 1.76744001277 2.04248202875 1.359375 0.124304025735 2.0 0.847999701025 1.0 69.9533343315 
26.0 1.64149593627 1.28256328336 1.36923076923 0.208557335973 0.0 0.0 0.0 72.730883956 
48.0 1.71468631217 1.50059904153 1.2875 0.180418988971 4.0 1.26203431383 0.0 69.7280722857 
31.0 1.98105437272 1.72111718025 1.05 0.193531442125 3.0 1.487376212 1.0 68.8310924172 
16.0 1.91743759406 1.194921459 1.425 0.0655290716912 2.0 1.7452840844 1.0 73.8277584314 
21.0 1.75447135781 1.31269334145 1.3119047619 0.0808320518207 4.0 0.731015747178 0.0 70.5902004242 
20.0 1.9421457978 1.57840788072 1.2775 0.0875858382353 1.0 1.90201271793 1.0 74.0759965777 
20.0 1.47059314386 1.68956336528 1.1425 0.238322411765 2.0 1.28038363156 0.0 70.3101706505 
10.0 2.50154288987 0.889243876464 1.49 0.0230176470588 0.0 0.0 1.0 77.4800768495 
42.0 1.90071240761 1.95845377555 1.30833333333 0.195610164566 1.0 1.62877820355 1.0 71.871278882 
7.0 1.72797783587 0.952761296212 1.5 0.0176555882353 6.0 1.1217264701 1.0 74.1874673963 
18.0 1.9214501991 2.14900603479 1.05 0.186248055556 4.0 0.691333834677 1.0 70.241586864 
24.0 1.80624789072 1.79701366702 1.15625 0.225309944853 2.0 1.29716008284 0.0 70.5058348179 
15.0 1.8836112968 1.42279020234 1.32333333333 0.0229268235294 3.0 1.05399832433 1.0 72.1170952916 
8.0 1.83807151112 0.889243876464 1.5 0.0158148713235 5.0 1.00159454413 1.0 74.1615882516 
19.0 1.95387063837 2.05930160865 1.07368421053 0.176600325077 4.0 0.646251413823 0.0 69.8900145292 
15.0 1.81059278271 2.04526091587 0.973333333333 0.199961784314 5.0 1.18228374633 1.0 71.6283351183 
21.0 1.75447135781 1.31269334145 1.3119047619 0.0808320518207 4.0 0.731015747178 0.0 70.5902004242 
18.0 1.46225406043 1.63028044018 1.31666666667 0.132862687908 0.0 0.0 0.0 74.6335634589 
7.0 1.59716557123 0.825726456717 1.5 0.0138886134454 5.0 0.973583751857 1.0 74.9241364002 
10.0 1.62605351936 1.24494142705 1.4 0.0480655294118 1.0 0.722304606172 1.0 76.2751412392 
13.0 2.1155431863 1.12865568936 1.45 0.0361127941176 6.0 1.38879961277 1.0 71.7656698823 
17.0 2.14112161467 3.37389588423 1.20294117647 0.203419861592 4.0 1.06689702026 1.0 70.5722400546 
15.0 1.94266054113 2.04526091587 0.973333333333 0.199961784314 5.0 1.14102727978 1.0 71.5011483431 
39.0 1.96552946211 1.78988831545 1.29358974359 0.132021866516 2.0 1.33280500993 1.0 70.8135524392 
20.0 2.16418154136 1.35609691161 1.38 0.0424201470588 0.0 0.0 1.0 75.790733099 
16.0 1.88826171013 2.16753194888 1.15625 0.198653226103 0.0 0.0 0.0 75.0721764565 
25.0 1.74159861524 4.26837060703 1.156 0.534353223529 4.0 1.25332201416 1.0 68.8844010234 
15.0 2.17920425748 2.19346822861 1.33333333333 0.447729647059 0.0 0.0 0.0 75.9497824311 
9.0 2.16937221334 1.38326825228 1.26111111111 0.052236879085 0.0 0.0 1.0 78.0998286605 
19.0 1.81143154119 5.00784709377 1.14210526316 0.690507987616 4.0 0.710352432625 1.0 69.5787200332 
43.0 1.92376381971 1.64406716695 1.3 0.148102424761 3.0 1.58838094011 1.0 70.8649307489 
15.0 1.81902911898 1.63028044018 1.3 0.0266471078431 3.0 1.61049477846 1.0 72.9983997345 
27.0 2.04431723767 1.74555279454 1.0462962963 0.201402184096 3.0 1.52607712674 1.0 69.3364703655 
11.0 1.61591737576 1.25302546229 1.44090909091 0.0421460561497 0.0 0.0 0.0 78.3780953288 
6.0 1.38120428242 0.889243876464 1.5 0.0157150735294 5.0 1.03455558985 1.0 75.1858055592 
17.0 2.04556668393 1.43848274134 1.32647058824 0.023708650519 3.0 1.13187793152 1.0 71.0350754857 
20.0 1.93021741557 4.35729499468 1.225 0.582751169118 2.0 0.730133399467 1.0 70.0835508108 
19.0 2.02291771511 3.2059581862 1.21578947368 0.185246122291 4.0 0.785904680832 1.0 70.4177200794 
18.0 1.7227469684 5.8294876346 0.708333333333 0.236954591503 4.0 1.05243255765 1.0 69.8039516807 
20.0 1.91137380517 2.17864749734 1.325 0.0804248014706 4.0 1.45085077253 1.0 70.5190479755 
21.0 1.8818201349 4.17097723008 1.2380952381 0.554748130252 5.0 1.36442751157 1.0 70.5502974987 
28.0 1.71805603229 2.89004259851 1.19464285714 0.149943319328 4.0 1.20675367769 1.0 68.2912021875 
10.0 2.11067845259 1.55617678381 1.37 0.100928573529 2.0 0.954092157367 1.0 75.2970382571 
1.0 0.928373036389 7.55857294995 -8.881784197e-15 0.0292986764706 0.0 0.0 1.0 82.0170789957 
15.0 1.46092938799 3.97195598154 1.41333333333 1.48291245098 0.0 0.0 1.0 73.4149384499 
28.0 2.07469024238 3.73164841016 1.375 0.788963539916 4.0 0.718471957822 1.0 68.922971487 
4.0 2.48955173759 0.778088391906 1.5 0.0154158823529 1.0 0.683302399173 1.0 79.4252532721 
30.0 1.86273885798 1.43761093362 1.47 0.0447041666667 6.0 1.18789407579 1.0 70.3725734353 
38.0 1.75354883035 1.76678717561 1.37763157895 0.223027329721 6.0 0.933429765702 1.0 70.0293707848 
42.0 1.53542356387 3.04883614788 1.32023809524 0.809887720588 5.0 1.10921651627 0.0 69.2392411828 
0.0 0.0 0.0 0.0 0.0 0.0 0.0 1.0 79.2213562131 
40.0 1.63158273907 1.76737220447 1.38375 0.214073367647 6.0 0.741437163341 1.0 69.6816235781 
39.0 1.86880227973 2.48532262909 1.33076923077 0.689483352187 5.0 1.10709098035 0.0 70.136449039 
6.0 1.83301768453 1.77848775293 1.44166666667 0.0618109313725 0.0 0.0 1.0 80.4821792245 
31.0 1.96065056651 3.41354907417 1.39032258065 0.871322666034 3.0 1.46418224181 1.0 71.7661005259 
16.0 1.98454615486 10.559771033 1.20625 4.63398872243 0.0 0.0 1.0 72.511189878 
7.0 1.62876137603 0.571656777727 1.14285714286 0.0161602521008 1.0 1.91933606733 1.0 80.0233918428 
8.0 1.89613323837 0.722510649627 0.88125 0.0216958823529 1.0 1.91100512134 1.0 81.790459156 
4.0 1.21832344481 10.2263045793 0.7125 5.52206783088 5.0 0.458980353504 1.0 71.8239992857 
41.0 1.56917765941 1.75679887789 1.35609756098 0.227353436155 6.0 0.924438937936 1.0 69.3940246105 
30.0 2.34247343409 6.86199858005 1.28 2.67023065196 5.0 1.16315305693 0.0 69.0227085352 
44.0 1.50058976994 2.95067286281 1.32840909091 0.774084856283 5.0 1.18333083869 0.0 69.3406248093 
31.0 1.58825888617 2.66773162939 1.38709677419 0.477964691651 8.0 1.05530311605 1.0 69.4644728303 
28.0 1.74270335826 2.12783356154 1.41607142857 0.290273960084 6.0 1.51105859634 1.0 70.5618032813 
25.0 2.15286049503 3.84153354633 1.36 0.875013129412 4.0 0.913483843103 1.0 68.3767685294 
13.0 1.4793177664 0.923445564021 1.40769230769 0.0251204977376 1.0 0.00549457819563 0.0 76.1105999351 
12.0 1.35250280431 0.963347532836 1.4 0.0269697181373 1.0 0.00549457819563 0.0 76.0447824001 
5.0 2.39002543418 0.889243876464 1.5 0.0167604117647 0.0 0.0 1.0 79.5883861184 
4.0 1.21832344481 10.2263045793 0.7125 5.52206783088 5.0 0.458980353504 1.0 71.8239992857 
7.0 1.62847414828 6.47877681424 0.878571428571 3.18354226891 5.0 1.07450247546 0.0 72.9082837701 
1.0 2.48899624152 1.77848775293 1.15 0.0730117647059 0.0 0.0 1.0 81.7439597845 
7.0 1.70741573231 0.698691617222 0.871428571429 0.0243767436975 2.0 1.91517059434 1.0 80.6801789999 
4.0 1.21832344481 10.2263045793 0.7125 5.52206783088 5.0 0.458980353504 1.0 71.8239992857 
6.0 1.40772425793 7.26215832446 0.85 3.70100154412 5.0 0.870732201363 0.0 72.2748273611 
2.0 1.8526012456 0.666932907348 1.2 0.0161142647059 0.0 0.0 1.0 83.2662391663 
9.0 1.91966329989 1.48207312744 1.48333333333 0.0531331699346 1.0 0.0 1.0 77.1707987785 
67.0 1.91347248049 2.11029516952 1.37611940299 0.171926940299 4.0 1.46474830267 1.0 70.3878587484 
4.0 1.81337578629 1.11155484558 1.175 0.0307636397059 5.0 0.976756161297 1.0 75.8335289359 
0.0 0.0 0.0 0.0 0.0 0.0 0.0 1.0 79.2213562131 
4.0 0.982285175535 0.666932907348 1.0875 0.0191788602941 0.0 0.0 1.0 78.9802667499 
18.0 1.71713255846 3.16175600521 1.42222222222 0.472282957516 7.0 1.69045711877 0.0 72.267896533 
3.0 1.80138279814 1.03745118921 1.11666666667 0.0117194607843 4.0 0.609513380659 1.0 76.5951195359 
25.0 2.23212634593 2.81001064963 1.394 0.260763770588 9.0 1.09488121119 1.0 68.5829758644 
10.0 2.19587599283 2.04526091587 1.39 0.0605785294118 3.0 0.0 1.0 75.3701665998 
3.0 2.31140206444 2.22310969116 1.5 0.0292986764706 0.0 0.0 1.0 80.8555978537 
1.0 1.30256591276 0.444621938232 1.5 0.00294117647059 0.0 0.0 1.0 82.3018154502 
3.0 2.47332948514 1.77848775293 0.666666666667 0.0302753431373 0.0 0.0 1.0 82.8124624491 
15.0 1.7883264998 7.4103656372 1.21 3.18712935294 2.0 1.27404652757 0.0 73.0830135942 
8.0 1.99080804879 1.16713258786 1.2625 0.0267364705882 0.0 0.0 1.0 79.3104487658 
25.0 2.23212634593 2.81001064963 1.394 0.260763770588 9.0 1.09488121119 1.0 68.5829758644 
14.0 1.84325894653 1.49265936407 1.46428571429 0.0322972584034 3.0 1.65330287411 1.0 73.7098735571 
12.0 2.01573839423 3.85339013135 1.3625 0.766743737745 2.0 0.944486996104 1.0 73.9970773458 
33.0 2.05220684801 2.47910414045 1.41060606061 0.204418511586 8.0 1.55697873065 1.0 68.5413351655 
7.0 1.85851169114 1.58793549369 1.5 0.0225264495798 3.0 1.9201170736 1.0 76.6901448369 
14.0 1.67543697776 1.39738323444 1.31071428571 0.0224716911765 3.0 1.14741368783 1.0 72.7161052823 
1.0 0.584309846875 1.3338658147 0.35 0.00292985294118 2.0 0.160795034809 1.0 78.1450107694 
14.0 2.00376256387 1.55617678381 1.5 0.0241705042017 1.0 1.49963979529 1.0 74.8346841335 
69.0 1.8419993432 2.22955348737 1.39420289855 0.179531911765 5.0 1.13479547525 0.0 69.039721489 
52.0 1.89073825009 2.90714344229 1.33269230769 0.471338164593 10.0 1.45777622974 1.0 67.837395072 
29.0 1.61308986675 2.13111894532 1.41896551724 0.282485491886 6.0 1.19111058791 1.0 70.6767547131 
39.0 1.86880227973 2.48532262909 1.33076923077 0.689483352187 5.0 1.10709098035 0.0 70.136449039 
43.0 2.01261979597 2.46093072789 1.39651162791 0.372217592339 8.0 0.845977491253 1.0 68.5861068964 
39.0 1.78287737193 2.63352994184 1.36538461538 0.410213831071 8.0 1.17504347904 1.0 69.0766200423 
39.0 2.03285031804 2.67913219191 1.3858974359 0.411544596531 8.0 1.16281094351 1.0 68.551351428 
29.0 1.80867329001 1.39519297859 1.46896551724 0.0432147870183 6.0 1.16338647908 1.0 70.4855591059 
37.0 1.98596941835 2.51151311055 1.44054054054 0.631027694754 6.0 1.35646962281 1.0 70.2416020632 
1.0 2.60788817266 0.444621938232 1.25 0.000543088235294 2.0 0.258314904095 1.0 79.1453805566 
37.0 1.89611948267 1.61025242495 1.47567567568 0.0489231399046 9.0 1.16025092389 1.0 68.6900946498 
43.0 1.54697726966 2.97793298165 1.32441860465 0.791065899453 5.0 1.21895889148 0.0 69.5001605153 
32.0 1.6049137021 1.50059904153 1.428125 0.0728710753676 10.0 1.23425122064 1.0 68.4769767523 
27.0 1.57052092604 7.26215832446 1.29444444444 2.83353705338 5.0 1.60350635416 1.0 71.6646206379 
6.0 2.51585866938 0.963347532836 1.5 0.0200434803922 1.0 0.683302399173 1.0 78.4071207047 
27.0 2.13557417533 3.73811777699 1.37037037037 0.813577075163 5.0 0.945871272687 1.0 68.2674103975 
25.0 2.39796888276 6.82939297125 1.326 2.95815542941 1.0 1.29082524049 0.0 72.657456696 
38.0 1.85280945984 2.53902527885 1.32631578947 0.707018622291 5.0 1.11582656016 0.0 70.1300805807 
0.0 0.0 0.0 0.0 0.0 1.0 0.940380091096 1.0 79.9193635583 
1.0 2.86949040791 1.3338658147 0.35 0.00292985294118 1.0 1.49521996661 1.0 86.6266167164 
1.0 1.506220837 1.3338658147 0.35 0.00292985294118 3.0 1.76898303943 1.0 84.3796300888 
13.0 2.16417298723 1.60747931515 1.5 0.0389977149321 2.0 0.992414801633 1.0 74.1463333368 
11.0 1.26487123233 2.99109303902 1.01818181818 0.0280178475936 8.0 1.40228008256 0.0 73.8932517171 
13.0 2.18147734639 1.60747931515 1.5 0.0389977149321 2.0 0.970454406798 1.0 74.1310530901 
2.0 2.16638919334 16.0063897764 0.025 0.350542058824 4.0 0.373610757706 1.0 75.9912154078 
2.0 2.20842591115 16.0063897764 0.025 0.350542058824 4.0 0.339678738664 1.0 76.0645666718 
2.0 2.20449735464 16.0063897764 0.025 0.350542058824 4.0 0.431980600119 1.0 76.2412115932 
1.0 0.434641931669 1.3338658147 0.35 0.00292985294118 3.0 0.710018580783 1.0 76.8191757798 
0.0 0.0 0.0 0.0 0.0 0.0 0.0 1.0 79.2213562131 
1.0 0.507452273395 1.3338658147 0.35 0.00292985294118 3.0 0.716294808127 1.0 77.3396414518 
4.0 1.21832344481 10.2263045793 0.7125 5.52206783088 5.0 0.458980353504 1.0 71.8239992857 
20.0 2.05510993224 3.51251331203 1.4075 0.175537397059 6.0 1.1759791786 1.0 70.1409327984 
3.0 1.48682620314 7.11395101171 0.35 0.0842681372549 3.0 1.15761134709 1.0 79.0954005718 
7.0 1.62434061315 2.22310969116 1.07857142857 0.0409107983193 1.0 1.49165126575 1.0 78.385477066 
5.0 1.30654684066 4.17944621938 0.63 0.0257828529412 7.0 0.682978324325 1.0 74.0130922198 
21.0 2.16257993915 3.49345808611 1.4119047619 0.169829306723 6.0 1.28322674495 1.0 69.5136624575 
2.0 2.3968632437 4.44621938232 0.5 0.0292986764706 0.0 0.0 1.0 83.635802269 
5.0 1.1103532577 4.17944621938 0.63 0.0257828529412 7.0 0.664698362753 0.0 73.2776239514 
45.0 1.87007330428 2.62820967933 1.39 0.23335077451 2.0 1.58138292847 1.0 71.5914314985 
3.0 1.03942370166 1.63028044018 1.2 0.0200345588235 1.0 0.626234786216 1.0 78.120033443 
15.0 1.29820412035 3.29020234292 0.933333333333 0.0323002745098 10.0 1.10587640862 1.0 72.8573361039 
3.0 1.15656853299 7.11395101171 0.35 0.0842681372549 4.0 1.22920282033 1.0 78.208001256 
0.0 0.0 0.0 0.0 0.0 0.0 0.0 1.0 79.2213562131 
4.0 0.883299478859 4.11275292865 0.625 0.0249038970588 7.0 0.847678041142 0.0 73.5753405094 
15.0 1.29646202026 3.29020234292 0.933333333333 0.0323002745098 9.0 1.11815880818 0.0 72.1876043081 
0.0 0.0 0.0 0.0 0.0 0.0 0.0 1.0 79.2213562131 
4.0 1.74363967199 5.5577742279 0.5 0.0593298897059 0.0 0.0 1.0 81.5720772743 
4.0 2.56745659913 4.66853035144 0.6625 0.0561605882353 1.0 1.93562381043 1.0 83.9961850643 
16.0 1.52015365368 3.50139776358 0.896875 0.0339438511029 9.0 0.945007029054 1.0 72.1397674084 
14.0 1.70271171682 3.55697550586 0.892857142857 0.0341888865546 8.0 1.22670431077 1.0 73.7034797668 
27.0 2.00835663629 2.124304816 1.40925925926 0.103556345316 1.0 1.39324795079 1.0 72.0877304673 
9.0 1.87386923945 2.81593894214 1.06666666667 0.0277332189542 3.0 1.25034972743 1.0 74.9978169799 
3.0 2.45075024955 7.11395101171 0.383333333333 0.0842681372549 2.0 1.11451871659 1.0 80.9068393707 
8.0 2.10405078094 5.50219648562 0.68125 0.102375882353 2.0 1.6223293802 1.0 77.9798918962 
16.0 1.72970380901 3.50139776358 0.896875 0.0339438511029 10.0 1.32913809664 1.0 74.1028788686 
14.0 1.96240597625 3.65225163548 0.857142857143 0.0364909348739 8.0 1.23029841019 0.0 73.2562994957 
16.0 1.76888544185 3.50139776358 0.896875 0.0339438511029 9.0 1.13001683661 1.0 73.1622925401 
24.0 1.88773532245 1.29681398651 1.46875 0.025501182598 0.0 0.0 1.0 74.3693205714 
12.0 1.91888624077 3.26056088037 0.95 0.0276792401961 8.0 1.43694910207 1.0 73.9241668582 
26.0 1.54197277405 1.41937003359 1.46346153846 0.0555741063348 8.0 0.854736995076 1.0 69.7556081414 
15.0 1.29646202026 3.29020234292 0.933333333333 0.0323002745098 9.0 1.11815880818 0.0 72.1876043081 
26.0 1.57653985334 1.36806750225 1.46346153846 0.0554294739819 8.0 1.16747863208 1.0 69.8096209764 
2.0 2.08969270566 5.5577742279 0.475 0.0439480882353 0.0 0.0 1.0 82.9467877746 
45.0 1.69884324553 1.61051946515 1.40444444444 0.0890110686275 4.0 1.21186328054 1.0 69.8297193646 
63.0 1.84738752889 1.63028044018 1.39603174603 0.0875635270775 5.0 1.60143133204 1.0 70.2049618959 
3.0 2.38373742969 7.11395101171 0.383333333333 0.0842681372549 1.0 0.237085554457 1.0 81.4182007313 
23.0 2.23169556287 1.29520303746 1.4652173913 0.0463822506394 3.0 1.21879850287 1.0 69.6318867803 
21.0 2.2019435891 1.41855570769 1.47380952381 0.0488316946779 4.0 1.53678858444 1.0 70.0104629993 
30.0 1.72763308162 2.35649627263 1.43833333333 0.220379862745 4.0 1.08872867248 1.0 70.7128223777 
23.0 2.19679125761 1.29520303746 1.4652173913 0.0463822506394 3.0 1.24656184082 1.0 69.7889247537 
33.0 2.00585988524 2.84288572627 1.42121212121 0.250839590018 4.0 1.23073410475 1.0 70.5479872227 
16.0 2.31383241689 1.13934371672 1.45 0.03058140625 5.0 1.4684241792 1.0 70.8197638392 
9.0 2.15760978054 1.77848775293 1.42222222222 0.111886960784 1.0 0.681302101663 1.0 76.7833513021 
26.0 1.58700551963 1.43647087737 1.46346153846 0.053299219457 9.0 0.959225291774 1.0 69.0618211031 
45.0 1.82947536406 2.01561945332 1.41666666667 0.16845522549 4.0 1.43764239312 1.0 70.4820784926 
29.0 1.6224014899 1.64050163417 1.46724137931 0.064069198783 11.0 1.25383016519 1.0 68.4155619144 
24.0 1.72076151862 1.0559771033 1.46666666667 0.0247654779412 10.0 1.2628943011 1.0 69.6686029434 
25.0 1.51756548982 1.42279020234 1.462 0.0542592411765 9.0 0.923831352257 1.0 69.1897729039 
19.0 2.24434107415 1.40406927863 1.47105263158 0.050732995356 1.0 0.411462961266 1.0 73.592941165 
1.0 0.707046496535 1.3338658147 1.5 0.0292986764706 2.0 0.373138998675 1.0 77.1080058813 
25.0 1.82862492529 1.04930777423 1.468 0.0226029058824 8.0 1.11115618119 1.0 69.1297665238 
9.0 1.91966329989 1.48207312744 1.48333333333 0.0531331699346 1.0 0.0 1.0 77.1707987785 
26.0 1.42996576444 1.60747931515 1.46346153846 0.0665942929864 8.0 0.832686364454 1.0 69.9884343147 
19.0 1.78922956727 1.47427274256 1.10789473684 0.0755948142415 8.0 0.939171565659 1.0 69.9449950457 
34.0 1.76496688619 2.22310969116 1.44558823529 0.196505726644 9.0 1.42958507318 1.0 68.8468033075 
23.0 1.46447567605 5.56743992221 1.17608695652 0.933463331202 6.0 1.27083453069 1.0 69.5675638318 
0.0 0.0 0.0 0.0 0.0 1.0 0.712191329343 1.0 79.0730172396 
7.0 2.06603138789 1.07979613571 1.17142857143 0.0263688235294 5.0 1.38373553424 1.0 75.7038393617 
4.0 1.81337578629 1.11155484558 1.175 0.0307636397059 5.0 0.976756161297 1.0 75.8335289359 
1.0 2.68845782932 0.889243876464 1.2 0.0292986764706 0.0 0.0 1.0 80.9503850341 
3.0 1.76467513881 1.03745118921 1.11666666667 0.0117194607843 4.0 0.633909185935 1.0 76.5787094831 
1.0 2.40429105284 0.444621938232 1.25 0.000543088235294 2.0 0.129157452047 1.0 79.2709410191 
14.0 2.27800216294 2.25486840103 1.41071428571 0.0700988760504 0.0 0.0 1.0 76.3761854172 
0.0 0.0 0.0 0.0 0.0 1.0 0.712191329343 1.0 79.0730172396 
23.0 2.19363409225 5.52877714497 1.17608695652 0.932528375959 2.0 1.45780950399 1.0 71.2135189772 
18.0 1.78241942002 1.53147556502 1.08611111111 0.079631127451 9.0 1.30193663537 1.0 71.7474967241 
9.0 1.74185994625 1.67968287777 0.983333333333 0.139593921569 7.0 1.08625528763 1.0 73.7633189559 
14.0 1.84768818216 1.46090065419 1.19285714286 0.0736110084034 5.0 1.54543162756 1.0 72.6940006018 
4.0 1.81337578629 1.11155484558 1.175 0.0307636397059 5.0 0.976756161297 1.0 75.8335289359 
7.0 1.39528839122 1.27034839495 1.16428571429 0.041093487395 3.0 0.882453806293 1.0 75.0957605243 
7.0 2.02404565951 1.07979613571 1.17142857143 0.0263688235294 6.0 1.79504926589 1.0 76.2197199464 
7.0 2.17626208749 1.07979613571 1.17142857143 0.0263688235294 4.0 0.951969010332 1.0 75.20486027 
14.0 1.90089177767 1.30210710482 1.15357142857 0.0311833193277 3.0 1.55363095561 1.0 73.6858183146 
9.0 1.89995347835 2.07490237842 1.04444444444 0.136651437908 0.0 0.0 1.0 78.5178264976 
19.0 1.82099884093 1.47427274256 1.10789473684 0.0755948142415 8.0 0.872909394684 1.0 69.6184507012 
17.0 1.63564311052 1.80464198459 1.03529411765 0.124029809689 10.0 1.11455020447 1.0 71.9600725174 
17.0 1.64805042447 1.80464198459 1.03529411765 0.124029809689 10.0 1.22562778507 1.0 72.5067669153 
10.0 2.37173476424 0.933706070288 1.13 0.0270196176471 4.0 0.997778671952 1.0 73.9965301752 
19.0 1.84905863659 1.80188890757 1.03947368421 0.118185634675 11.0 1.29012994876 1.0 72.2901380062 
19.0 1.84122977592 1.47427274256 1.10789473684 0.0755948142415 8.0 1.01526002573 1.0 70.0710266829 
9.0 2.22836754537 1.53147556502 1.48333333333 0.0508432679739 2.0 1.91617297808 1.0 77.2339564562 
17.0 1.67101822562 1.54309966798 1.06176470588 0.084143633218 8.0 0.844895170085 0.0 70.1567450166 
6.0 1.47166603446 7.26215832446 0.108333333333 0.0522274264706 12.0 0.798392185825 1.0 76.6600453854 
10.0 1.77901647203 1.64510117146 1.005 0.128564397059 8.0 1.25950169863 1.0 73.3508434892 
11.0 2.21865652555 1.94016845774 1.04090909091 0.172770427807 1.0 1.61521197413 1.0 78.0179607868 
3.0 1.83067597612 5.92829250976 0.183333333333 0.0259089705882 6.0 1.72044019285 1.0 77.6286944747 
1.0 0.531761803229 5.78008519702 -8.881784197e-15 0.323485441176 0.0 0.0 1.0 80.6064730883 
0.0 0.0 0.0 0.0 0.0 0.0 0.0 1.0 79.2213562131 
0.0 0.0 0.0 0.0 0.0 0.0 0.0 1.0 79.2213562131 
5.0 1.53632547399 7.4696485623 0.12 0.0568131764706 10.0 1.15738407317 1.0 76.3083818555 
7.0 1.64339570819 7.11395101171 0.1 0.0489518907563 11.0 0.975253995368 1.0 76.344961226 
7.0 1.6412035363 7.11395101171 0.1 0.0489518907563 12.0 1.04442252971 1.0 77.1748417616 
7.0 1.56747905393 7.11395101171 0.1 0.0489518907563 12.0 0.672240597473 1.0 76.340507865 
0.0 0.0 0.0 0.0 0.0 0.0 0.0 1.0 79.2213562131 
6.0 1.38333643957 7.26215832446 0.108333333333 0.0522274264706 13.0 0.862534562264 1.0 77.2174400091 
17.0 2.1660908304 1.75233352127 1.43529411765 0.051068884083 7.0 1.44510088678 1.0 70.0512322783 
6.0 1.54647953025 7.26215832446 0.108333333333 0.0522274264706 13.0 0.871021399674 1.0 77.7318361402 
7.0 1.5934910395 7.11395101171 0.1 0.0489518907563 12.0 0.965468645511 1.0 76.8994477391 
3.0 1.28140514384 1.63028044018 1.2 0.0200345588235 1.0 0.626234786216 1.0 79.454420507 
26.0 1.94540793653 2.61642909806 1.40384615385 0.340409366516 11.0 1.14972246148 1.0 69.2211896181 
7.0 0.707897239662 2.22310969116 1.07857142857 0.0409107983193 2.0 1.28276063164 1.0 73.917144835 
5.0 1.5591332841 7.4696485623 0.12 0.0568131764706 12.0 1.0962688944 1.0 77.8291666508 
20.0 1.86860118245 6.15801384452 1.2675 2.41441127941 4.0 1.19276569751 1.0 71.0663756728 
20.0 2.22058024948 1.60063897764 1.465 0.0444551911765 1.0 1.96665179746 1.0 74.2995917797 
34.0 1.83135466588 2.4977291236 1.43823529412 0.195686656574 3.0 1.31159960792 1.0 70.6487932801 
24.0 2.00859616478 2.61215388711 1.40833333333 0.3615746875 12.0 1.33895830531 1.0 70.7043159008 
27.0 1.68616903791 2.58539423342 1.39074074074 0.242430958606 10.0 1.51653367494 0.0 70.525842011 
27.0 1.99059302267 2.60186171262 1.40740740741 0.329429319172 8.0 0.918919186002 1.0 68.2851529121 
14.0 1.56462920401 7.81264262894 1.18928571429 3.41263331933 4.0 1.29492852677 0.0 72.1439826488 
22.0 2.25517905659 1.71785748862 1.42727272727 0.0496968248663 13.0 1.4422159176 1.0 70.9714668989 
26.0 1.91011510667 2.63352994184 1.40384615385 0.34097280543 9.0 0.974037108718 1.0 68.5347741842 
10.0 2.19587599283 2.04526091587 1.39 0.0605785294118 3.0 0.0 1.0 75.3701665998 
17.0 1.7173901909 1.62156236296 1.48529411765 0.0380393425606 8.0 1.42314172239 1.0 71.1959841847 
20.0 1.88888650782 6.15801384452 1.2675 2.41441127941 5.0 1.37146629251 1.0 71.2874376774 
28.0 2.02213957933 3.30290582687 1.40535714286 0.294259128151 5.0 1.35072310639 1.0 69.4160786271 
26.0 2.05288107556 2.53092487917 1.43076923077 0.234250763575 4.0 1.17889434425 1.0 69.1806736588 
25.0 1.92473604326 2.57880724175 1.446 0.342184982353 7.0 1.25049556444 1.0 69.6752247214 
26.0 1.60915129023 8.41361513885 1.23461538462 3.1582520362 4.0 1.27166481558 1.0 70.9795224667 
15.0 2.31825005598 1.57099751509 1.41 0.0471195686275 12.0 1.49344182375 1.0 71.9306468964 
12.0 1.77142049583 1.48207312744 1.5 0.0223066421569 7.0 0.935657630313 1.0 72.168392539 
25.0 2.0536039524 3.73482428115 1.35 0.566757517647 13.0 1.3653414944 1.0 71.1419510841 
19.0 1.72654278487 3.29956280478 1.40789473684 0.456678188854 4.0 1.22741094359 1.0 71.1655908823 
28.0 1.75967241104 2.85828388864 1.43571428571 0.232885798319 6.0 1.29635092078 1.0 70.1431113482 
26.0 1.91071032723 2.56512656672 1.40384615385 0.337592183258 12.0 1.14822561667 1.0 69.4387102127 
26.0 1.95321109624 2.77033669206 1.44230769231 0.238495972851 6.0 1.2446793344 1.0 69.6248444915 
10.0 2.19587599283 2.04526091587 1.39 0.0605785294118 3.0 0.0 1.0 75.3701665998 
23.0 1.81534762322 2.64840024077 1.44130434783 0.119665575448 7.0 1.43278443577 1.0 70.5971261859 
26.0 1.94629837598 2.61642909806 1.40384615385 0.340393964932 11.0 1.14145235092 1.0 69.1802278161 
28.0 1.7343315424 2.85828388864 1.43571428571 0.232885798319 7.0 1.41713339611 1.0 70.2768033743 
12.0 1.7564918255 1.48207312744 1.5 0.0223066421569 7.0 0.995750306564 1.0 72.1699681878 
14.0 2.00009511285 1.55617678381 1.5 0.0253982773109 6.0 0.682156881212 1.0 71.5773013234 
10.0 2.19587599283 2.04526091587 1.39 0.0605785294118 3.0 0.0 1.0 75.3701665998 
17.0 2.1660908304 1.75233352127 1.43529411765 0.051068884083 7.0 1.44510088678 1.0 70.0512322783 
25.0 1.85516023736 2.64994675186 1.446 0.344411688235 13.0 1.47043746283 1.0 71.2916883826 
31.0 2.03283043957 3.64303136487 1.39677419355 0.319716778937 7.0 1.54415453566 1.0 69.6520105004 
25.0 2.05897769228 3.73482428115 1.35 0.566757517647 11.0 1.24423912875 1.0 70.0905424356 
12.0 1.93586111983 1.48207312744 1.5 0.0247482107843 7.0 0.944938412561 1.0 71.7311474681 
14.0 1.93321994591 3.23938840712 1.40357142857 0.441167069328 2.0 1.76664591399 0.0 74.7572594881 
22.0 1.66283045461 7.05332074741 1.29318181818 2.78719619652 3.0 1.29885328415 1.0 71.4013910294 
24.0 1.94049213222 2.61215388711 1.44375 0.35598502451 8.0 1.19523733842 1.0 69.4377779961 
27.0 2.00276224393 2.48658935826 1.43333333333 0.225574803922 7.0 1.39212429822 1.0 69.4084790349 
19.0 1.72110718539 3.13575472227 1.41052631579 0.45220627709 4.0 1.27873322068 1.0 71.2130174041 
26.0 1.93460889718 2.44542066028 1.44807692308 0.107097573529 7.0 1.33261072528 1.0 69.7066515684 
29.0 2.11366655813 3.09702177665 1.40689655172 0.420049462475 2.0 1.6976613498 1.0 71.4635962248 
37.0 2.20690821559 2.63168120197 1.41621621622 0.219254908585 3.0 1.50299181189 1.0 70.624910295 
32.0 1.98479325176 2.65383719382 1.2703125 0.311175390625 3.0 0.579392131023 0.0 69.2888665199 
24.0 1.82638033691 2.35279108981 1.15 0.102161151961 7.0 1.39445639255 1.0 70.5033674836 
3.0 1.52641629585 2.22310969116 1.25 0.111340833333 0.0 0.0 1.0 81.5169903636 
13.0 1.67241216347 7.90058982551 1.31538461538 4.42343728507 1.0 1.5246978278 0.0 74.8169112206 
37.0 1.89078890176 1.69437008894 1.17027027027 0.1397134062 1.0 1.88154383131 1.0 71.6108307242 
15.0 1.53881705878 7.08430954917 1.35666666667 3.79451728431 2.0 1.10568230819 0.0 71.531496048 
18.0 1.9214501991 2.14900603479 1.05 0.186248055556 4.0 0.691333834677 1.0 70.241586864 
12.0 2.36821111253 8.29960951367 1.04166666667 4.82782620098 3.0 0.608086269917 0.0 72.5982457399 
1.0 0.622295304187 1.3338658147 1.5 0.0292986764706 2.0 0.276453785788 1.0 76.7777732015 
22.0 0.923775447955 1.3742859909 1.38409090909 0.037841644385 2.0 0.603283168628 0.0 69.7345420718 
14.0 1.96860993676 1.55617678381 1.5 0.0253982773109 6.0 0.686939427275 1.0 71.6446691751 
16.0 2.01954480619 7.36405085197 1.178125 3.01079471507 1.0 1.70563726211 1.0 76.4139959216 
6.0 1.43259704505 2.81593894214 0.941666666667 0.0767514215686 2.0 0.139194420255 1.0 76.8445938826 
13.0 2.06708431239 3.7621856312 1.37307692308 0.712045565611 3.0 1.35631616617 1.0 73.2619991899 
9.0 1.67657308124 1.97609750325 1.27777777778 0.191985620915 2.0 1.10242516757 1.0 75.2588680387 
20.0 2.10306582505 3.55697550586 1.4075 0.176855838235 6.0 1.21245512601 1.0 69.9624437094 
6.0 1.44049852603 2.81593894214 0.941666666667 0.0767514215686 2.0 0.120090727897 1.0 76.8744602799 
23.0 1.46161993214 6.57267213039 1.31304347826 2.65449543478 4.0 1.0853588295 1.0 69.7635927796 
0.0 0.0 0.0 0.0 0.0 2.0 0.261770914823 1.0 76.5820381045 
3.0 1.88065642021 1.63028044018 0.933333333333 0.0102936764706 0.0 0.0 1.0 82.4074396491 
29.0 1.92001695208 2.80571774815 1.24655172414 0.337346947262 5.0 1.28616846302 1.0 69.2737078667 
29.0 1.6925052078 4.89084132055 1.22413793103 0.769751825558 4.0 0.710351394732 1.0 67.8265580535 
7.0 1.37806617468 1.27034839495 1.16428571429 0.041093487395 3.0 0.919910682682 1.0 75.0579094887 
69.0 1.84266888698 2.22955348737 1.39420289855 0.179531999147 5.0 1.15220835597 1.0 69.0760982037 
72.0 1.86721812254 2.15518133949 1.39861111111 0.172107056781 6.0 1.28526308289 1.0 68.8632234931 
4.0 2.07713692252 1.3338658147 0.9375 0.0161142647059 3.0 0.353612493245 1.0 77.1577376127 
51.0 2.11759739513 2.66773162939 1.38431372549 0.412826980969 9.0 1.36062699826 1.0 68.1211233139 
36.0 1.78924278192 2.72948467637 1.37638888889 0.438923296569 8.0 0.996612183548 1.0 68.9674696326 
23.0 1.63162394986 7.82921239061 1.26739130435 3.28095730818 4.0 1.64908711538 1.0 72.7279657125 
0.0 0.0 0.0 0.0 0.0 0.0 0.0 1.0 79.2213562131 
0.0 0.0 0.0 0.0 0.0 0.0 0.0 1.0 79.2213562131 
33.0 1.70070257648 2.73509858973 1.39393939394 0.455034447415 8.0 1.1908585866 1.0 69.2958784103 
37.0 2.12710127138 1.73042051636 1.43648648649 0.0916602146264 6.0 1.34961433093 1.0 69.3894192576 
2.0 2.22025862879 16.0063897764 0.025 0.350542058824 4.0 0.354163537794 1.0 76.1346957088 
39.0 1.78287737193 2.63352994184 1.36538461538 0.410213831071 8.0 1.17504347904 1.0 69.0766200423 
0.0 0.0 0.0 0.0 0.0 1.0 0.940380091096 1.0 79.9193635583 
41.0 1.9899756352 2.53759837918 1.39146341463 0.38988938307 8.0 0.883894502034 1.0 68.595277071 
59.0 1.87895063134 2.3662930272 1.40677966102 0.188811607677 6.0 1.57094512372 1.0 69.4170615077 
2.0 2.69981017571 8.44781682641 0.2 0.111752867647 0.0 0.0 1.0 83.5689866543 
32.0 1.99617899847 1.88964323749 1.428125 0.0866113465074 3.0 1.55554212091 1.0 70.8884641528 
5.0 1.12899760219 4.17944621938 0.63 0.0257828529412 7.0 0.892795126308 0.0 73.855471611 
52.0 1.9549582414 2.49672319161 1.39423076923 0.21175739819 3.0 1.49023239892 1.0 71.0228604078 
2.0 0.137887486468 2.89004259851 0.35 0.0732467647059 1.0 0.146082405626 1.0 76.0240101814 
3.0 1.89424567371 8.7442314519 0.383333333333 0.213256470588 0.0 0.0 1.0 81.0032123327 
2.0 0.264026554371 2.89004259851 0.35 0.0732467647059 1.0 0.146082405626 1.0 76.6305336356 
11.0 1.78695083557 3.59739568206 0.9 0.0372490641711 1.0 1.30903494998 1.0 76.2398588657 
0.0 0.0 0.0 0.0 0.0 0.0 0.0 1.0 79.2213562131 
25.0 1.52979334868 5.33546325879 1.186 0.883271411765 4.0 0.735938852085 1.0 67.2163310647 
9.0 1.92554778781 1.08685362679 1.23888888889 0.0326139379085 3.0 0.868074010344 1.0 74.5577043295 
1.0 0.38344681016 1.3338658147 1.5 0.0292986764706 2.0 0.3456451144 1.0 75.8877849579 
1.0 2.40429105284 0.444621938232 1.25 0.000543088235294 2.0 0.129157452047 1.0 79.2709410191 
0.0 0.0 0.0 0.0 0.0 1.0 0.552729832258 1.0 78.5101610422 
6.0 1.8763211475 4.52032303869 0.583333333333 0.0312519607843 10.0 1.48818840583 1.0 76.8064033985 
28.0 1.53077527063 5.01787616005 1.21428571429 0.796196580882 5.0 0.853904013816 1.0 67.660613358 
2.0 1.98862442881 2.44542066028 0.325 0.0292986764706 0.0 0.0 1.0 85.0115817785 
0.0 0.0 0.0 0.0 0.0 1.0 0.552729832258 1.0 78.5101610422 
4.0 2.36130397154 1.77848775293 1.0375 0.0367570588235 0.0 0.0 1.0 80.780544281 
29.0 1.53350318365 4.89084132055 1.22413793103 0.769751825558 5.0 0.870487779506 1.0 67.7721044421 
18.0 1.73425588853 1.53147556502 1.07222222222 0.0854535212418 11.0 1.11986068172 1.0 71.8535363674 
11.0 2.04758417814 1.49554651951 1.15454545455 0.0908223128342 3.0 1.290517051 1.0 74.1262197495 
3.0 1.80138279814 1.03745118921 1.11666666667 0.0117194607843 4.0 0.609513380659 1.0 76.5951195359 
10.0 2.15040099722 0.933706070288 1.13 0.0270196176471 6.0 1.23539304541 1.0 73.1629663706 
11.0 1.9877113327 1.53596669571 1.05 0.117143074866 9.0 1.43952315702 1.0 72.9454356432 
7.0 1.59379490663 7.11395101171 0.1 0.0489518907563 10.0 1.13742084361 1.0 75.5190071464 
8.0 1.76519327239 1.72291001065 0.9625 0.153380827206 7.0 1.0606105565 1.0 74.2129614949 
2.0 0.660294149239 3.55697550586 0.75 0.0568778676471 0.0 0.0 1.0 77.9263401031 
23.0 1.60327398216 5.66409686531 1.17608695652 0.935987257033 4.0 1.44253990524 1.0 69.942497313 
15.0 1.90606479846 3.26056088037 1.42333333333 0.171049441176 5.0 1.68673937943 1.0 72.8397810459 
14.0 1.56984967566 1.61969420356 1.01071428571 0.0998333718487 6.0 1.43175706488 1.0 72.2311398387 
6.0 1.38830421649 7.26215832446 0.108333333333 0.0522274264706 13.0 0.733718226603 1.0 77.0221912861 
6.0 1.48595535402 2.81593894214 0.941666666667 0.0767514215686 2.0 0.217019664464 1.0 76.9825366139 
0.0 0.0 0.0 0.0 0.0 0.0 0.0 1.0 79.2213562131 
24.0 2.2548591123 5.11315228967 1.31666666667 2.00281619485 4.0 1.66096251423 1.0 71.2987408042 
7.0 2.0379301066 2.22310969116 1.35714285714 0.0343213445378 0.0 0.0 1.0 79.7033172846 
6.0 1.37359988685 7.26215832446 0.108333333333 0.0522274264706 13.0 0.730101458421 1.0 76.971167624 
19.0 2.03564861465 6.01409674346 1.27105263158 2.51811919505 3.0 1.49127561326 1.0 72.6115855575 
6.0 1.3941027088 7.26215832446 0.108333333333 0.0522274264706 13.0 0.735954384226 1.0 77.0436373353 
25.0 1.83691686727 3.80596379127 1.35 0.568278941176 9.0 1.17871510257 1.0 69.4578307867 
26.0 1.91071032723 2.56512656672 1.40384615385 0.337592183258 12.0 1.14822561667 1.0 69.4387102127 
27.0 2.07075574324 2.58539423342 1.40740740741 0.328975457516 15.0 1.35765978842 1.0 70.8946502209 
4.0 1.67471124815 5.66892971246 0.575 0.0639335661765 4.0 1.13923871372 1.0 77.1670344472 
11.0 1.62670470176 2.99109303902 1.01818181818 0.0280178475936 4.0 1.2111630374 1.0 72.4911928177 
5.0 2.03634042833 5.42438764643 0.56 0.0539096470588 2.0 1.80639179286 1.0 80.9114295244 
6.0 1.66804846948 4.52032303869 0.583333333333 0.0312519607843 7.0 1.09984234556 1.0 75.6629130244 
5.0 1.17254689289 4.17944621938 0.63 0.0257828529412 7.0 0.618334456899 0.0 73.3937254548 
6.0 2.44108881305 1.25976215832 1.275 0.0298771813725 0.0 0.0 1.0 78.7962907553 
47.0 1.92168909681 1.83524800036 1.23510638298 0.149980578849 4.0 1.53721720463 0.0 70.074968338 
11.0 2.1322494182 2.7081518056 1.0 0.0766990508021 0.0 0.0 1.0 77.2079455853 
5.0 0.97784432649 0.800319488818 1.26 0.0236470588235 0.0 0.0 1.0 78.6231163144 
12.0 2.45306048158 8.29960951367 1.04166666667 4.82782620098 3.0 0.696784971068 0.0 72.8738474846 
28.0 2.05251567799 1.69909097824 1.5 0.0619496165966 1.0 0.184647404297 1.0 73.0869704485 
24.0 1.1047059157 1.48207312744 1.35208333333 0.0495604227941 2.0 0.707272580344 0.0 69.237883389 
45.0 2.06160882821 1.65992190273 1.26555555556 0.132323627451 2.0 0.840806105102 0.0 70.2751466632 
28.0 2.22177252796 1.58793549369 1.3125 0.0966989758403 0.0 0.0 0.0 73.5260039568 
12.0 1.89488160672 1.48207312744 1.425 0.0749560171569 3.0 1.63124022088 1.0 74.1596528888 
1.0 1.3591602151 0.444621938232 0.05 0.0292986764706 0.0 0.0 1.0 87.153481245 
42.0 1.86521348959 1.9372813023 1.29761904762 0.199111985294 2.0 1.12094938043 0.0 70.6373026967 
22.0 1.80452941683 1.3136557266 1.32045454545 0.0784896256684 4.0 0.74637564015 0.0 70.5235671997 
20.0 1.83883941591 1.28940362087 1.365 0.0753952058824 2.0 1.21488045256 0.0 71.5660336614 
7.0 1.81069832873 1.14331355545 1.48571428571 0.0255333193277 2.0 1.05575872883 1.0 77.0645868778 
11.0 2.1224864911 0.97008422887 1.29545454545 0.038088302139 0.0 0.0 1.0 77.7372470498 
51.0 1.74358451273 1.54309966798 1.27941176471 0.190848379469 4.0 0.855706585077 0.0 68.908213079 
5.0 1.30654684066 4.17944621938 0.63 0.0257828529412 7.0 0.682978324325 1.0 74.0130922198 
20.0 1.91184471334 2.17864749734 1.325 0.0804248014706 4.0 1.45717566844 1.0 70.5318102241 
2.0 2.11683264547 16.0063897764 0.025 0.350542058824 4.0 0.995591195247 1.0 76.9224745035 
2.0 2.16109462187 1.3338658147 1.5 0.0230028676471 1.0 1.50929618702 1.0 80.8023551106 
26.0 1.64586785952 8.39651429508 1.23461538462 3.1579452319 5.0 1.37686374287 1.0 71.5372616053 
28.0 1.7967035224 2.36602388559 1.1875 0.0949960136555 7.0 1.01442975152 1.0 68.1617608666 
42.0 2.14871709347 2.26545463766 1.42380952381 0.196935178571 3.0 1.0729433966 1.0 70.7945433259 
21.0 1.6981212866 1.43972818094 1.34523809524 0.0654129411765 2.0 1.29527823768 0.0 71.2921544909 
39.0 1.9170388869 1.6416810027 1.31025641026 0.12805535822 2.0 1.06172288167 0.0 70.6975066662 
29.0 2.26897254222 1.80915133488 1.09827586207 0.164988818458 2.0 1.14222434526 0.0 70.0195267797 
21.0 1.61765657864 4.82732390081 1.1619047619 0.630300567227 7.0 1.3568997431 0.0 70.9191310406 
30.0 1.75272410557 1.58581824636 1.35 0.0920608186275 2.0 1.79306709097 0.0 72.02034235 
32.0 1.63977481847 2.68162606496 1.390625 0.463943878676 7.0 1.01186756908 1.0 69.9324607849 
5.0 1.98706997612 2.4898828541 0.39 0.0240249117647 0.0 0.0 1.0 82.7303564548 
63.0 2.01067718585 2.1666497625 1.37301587302 0.186820011671 5.0 1.73134874198 1.0 70.5125680566 
43.0 2.01386866827 2.46093072789 1.39651162791 0.372217592339 8.0 0.844608261832 1.0 68.5817751288 
32.0 2.02708631969 3.14014243876 1.415625 0.262644002757 6.0 1.54511386428 1.0 69.3856447935 
41.0 1.65516439658 1.75679887789 1.38658536585 0.209566667862 6.0 0.690195101713 1.0 69.6609830856 
35.0 2.05271456163 1.62604594553 1.47428571429 0.0489141386555 8.0 1.31779436658 1.0 68.9160558581 
27.0 1.62906237927 3.86985761054 1.37222222222 0.719208965142 8.0 1.51565735747 1.0 70.7209995389 
42.0 1.66063926661 1.74672904305 1.38928571429 0.205262864146 6.0 0.791213826767 1.0 69.6766129136 
24.0 1.49395309431 2.70478345758 1.38541666667 0.267852181373 3.0 1.4626935415 0.0 69.8741060495 
14.0 2.09158233422 1.49265936407 1.08571428571 0.0964357878151 4.0 1.32627227524 1.0 72.1386477351 
43.0 1.92689998816 1.76814770785 1.43372093023 0.0739631634747 3.0 1.34147681542 1.0 71.0400506854 
28.0 1.6829173737 2.5406967899 1.40178571429 0.237121544118 5.0 1.42058958017 1.0 70.4747372866 
13.0 1.76157899346 6.42991726059 0.907692307692 0.181479807692 5.0 0.872055881295 1.0 71.567903161 
24.0 1.44741657096 12.2085773873 1.12083333333 1.28690306985 2.0 1.83924923194 1.0 70.947046876 
22.0 1.66045090185 6.00239616613 1.00227272727 0.228601036096 10.0 1.23950551188 0.0 72.5333654881 
14.0 1.84339654648 6.22470713525 0.95 0.170609726891 5.0 0.867000249346 1.0 71.5474450588 
10.0 1.71735070581 0.889243876464 1.12 0.0341419411765 2.0 1.50203242896 1.0 75.7382756472 
6.0 1.93841247562 1.92669506567 1.31666666667 0.0228052696078 1.0 1.97357888005 1.0 80.2186709642 
6.0 2.01097385686 2.3713170039 0.883333333333 0.0157169607843 0.0 0.0 1.0 80.440325737 
18.0 2.0133912043 1.25976215832 1.04166666667 0.213296576797 1.0 1.48692395067 1.0 74.0052950382 
22.0 1.65758824973 6.20449704715 1.00227272727 0.230770715241 8.0 1.12340769805 0.0 70.6858640909 
4.0 1.80594279412 3.4458200213 0.9875 0.0227640808824 1.0 1.77230870736 1.0 81.7517822981 
11.0 2.34745979858 1.57638687191 1.03181818182 0.0176413101604 1.0 1.8412886178 1.0 78.8163030148 
3.0 1.24012002358 2.96414625488 0.55 0.0400453921569 0.0 0.0 1.0 81.6909348965 
16.0 2.28866876176 4.39064164004 1.178125 0.043714375 4.0 1.27391086453 1.0 71.7119053006 
3.0 2.60160268151 1.48207312744 1.45 0.0107882843137 1.0 0.656308384496 1.0 79.905025661 
1.0 1.26419596181 76.0303514377 -8.881784197e-15 13.9644302941 1.0 0.500890493301 1.0 86.0995191336 
5.0 1.78600127562 2.31203407881 0.88 0.0616596764706 1.0 1.08854445555 1.0 80.6904840469 
1.0 1.19121600826 3.11235356763 1.0 0.0292986764706 0.0 0.0 1.0 81.1811846495 
4.0 1.72741957607 2.44542066028 0.475 0.0294689338235 4.0 1.13338221288 1.0 79.1675359011 
16.0 1.96592598487 1.00039936102 1.18125 0.0369841452206 1.0 1.09834944326 1.0 73.3474946022 
12.0 2.03672480966 1.11155484558 0.925 0.0887698284314 3.0 1.52082455959 1.0 75.9096059203 
4.0 0.976884255998 1.66733226837 0.7875 0.0155520220588 7.0 1.03993668561 1.0 73.997887969 
4.0 0.961264447655 1.66733226837 0.7875 0.0155520220588 7.0 1.07680546599 1.0 73.9573821425 
6.0 1.70162076019 3.85339013135 0.991666666667 0.0756317401961 0.0 0.0 1.0 79.4543242455 
4.0 1.89467264222 2.00079872204 1.3875 0.00924709558824 4.0 1.11774851577 1.0 76.8529230356 
2.0 0.963002087315 0.889243876464 0.95 0.0161142647059 1.0 1.61526613604 1.0 80.2008676529 
2.0 0.752558202309 0.889243876464 0.95 0.0161142647059 1.0 1.61526613604 1.0 79.4387045503 
1.0 0.899538914791 0.444621938232 1.5 0.00292985294118 0.0 0.0 1.0 80.5713781714 
10.0 1.43531520468 0.800319488818 1.01 0.0245304411765 4.0 0.507025876638 1.0 72.8681883216 
4.0 1.65571967176 1.55617678381 1.175 0.00892610294118 1.0 0.510663802871 1.0 80.2685800195 
14.0 1.6874006416 1.36562452457 0.985714285714 0.267099548319 2.0 1.16405177846 1.0 72.9244911671 
0.0 0.0 0.0 0.0 0.0 1.0 0.565383063053 1.0 78.5452508926 
15.0 1.9966722852 1.3338658147 1.10666666667 0.250096911765 2.0 0.862061147073 1.0 72.16825068 
1.0 0.268676744976 0.444621938232 0.05 0.0292986764706 0.0 0.0 1.0 80.0241619349 
3.0 2.53060388786 1.48207312744 1.45 0.0107882843137 1.0 0.656308384496 1.0 79.9246478081 
15.0 2.02950658428 1.3338658147 1.12666666667 0.250096911765 2.0 1.00452946837 1.0 72.3930567503 
4.0 2.06256358212 1.22271033014 1.5 0.00253275735294 3.0 1.42530775866 1.0 78.0631580949 
7.0 2.29453417487 5.84360261677 1.23571428571 0.182060273109 2.0 0.885652128491 1.0 77.0663955808 
9.0 2.25797520594 5.78008519702 1.06666666667 0.108521372549 2.0 1.60756580784 1.0 77.1248364449 
18.0 2.32608197063 4.14980475683 1.20833333333 0.0405146323529 4.0 1.21877361712 1.0 70.6063166261 
26.0 1.72806929303 11.8337838945 1.04230769231 1.20596585407 5.0 1.34270643875 1.0 69.1965314746 
4.0 1.73880372798 3.11235356763 0.225 0.0366233823529 1.0 0.428090697834 1.0 82.819018364 
1.0 0.793897016602 0.889243876464 0.7 0.0292986764706 0.0 0.0 1.0 80.5481082201 
9.0 1.48875721299 0.839841438883 0.955555555556 0.026929248366 4.0 0.270096164121 1.0 73.5699093342 
16.0 2.04526343059 1.27828807242 1.059375 0.235726387868 2.0 1.45901256046 1.0 74.2612442374 
10.0 1.85629250264 12.8940362087 0.845 1.56309741176 3.0 1.09913860494 1.0 72.9670083523 
4.0 1.75454756569 14.0055910543 0.8625 2.57774731618 3.0 1.73726230438 1.0 78.2404413819 
10.0 2.4469288293 3.37912673056 1.305 0.0303899264706 6.0 1.53725959572 1.0 74.3968817592 
11.0 2.11385798487 4.56747991093 0.918181818182 0.105033649733 0.0 0.0 1.0 76.8922129273 
8.0 1.66073644829 6.55817358892 1.15 0.189661378676 1.0 0.817104510253 1.0 75.4080379009 
1.0 1.88698453806 4.44621938232 1.2 0.0292986764706 0.0 0.0 1.0 83.3014050126 
3.0 1.57016247147 1.18565850195 1.5 0.00240039215686 4.0 1.10372816896 1.0 77.0815694332 
7.0 1.74772058651 3.87456260459 1.02142857143 0.0714405672269 3.0 1.46108598985 1.0 76.1390274763 
7.0 1.80914006787 3.55697550586 1.03571428571 0.067673592437 2.0 1.40256484745 1.0 77.5505959988 
11.0 1.88812490718 3.83991673928 1.28636363636 0.043531644385 3.0 1.08553274834 1.0 74.3348386884 
6.0 1.85829810177 2.66773162939 1.1 0.0370100490196 2.0 1.10300493348 1.0 77.3049265146 
14.0 1.88728294723 8.54309295603 0.953571428571 7.46855996849 3.0 0.205241811248 1.0 70.5056574941 
8.0 1.90941690953 6.39144036209 0.88125 0.0418253308824 6.0 0.936008766966 1.0 75.6588548422 
11.0 2.49523599048 4.76958079195 1.20454545455 0.0851602673797 4.0 1.20840903003 1.0 74.1231697798 
4.0 1.90681264035 2.89004259851 0.35 0.118712794118 4.0 1.32017262778 1.0 79.9504256248 
1.0 2.96650173194 0.889243876464 1.25 0.00292985294118 0.0 0.0 1.0 80.9217497706 
7.0 2.08015345867 1.90552259242 0.378571428571 0.0766271008403 2.0 1.07443385696 1.0 80.466620326 
3.0 1.72944539459 3.55697550586 0.25 0.157307107843 6.0 0.990788625341 1.0 78.3266207576 
1.0 0.610814427417 0.889243876464 0.4 0.00292985294118 1.0 0.163623939223 1.0 79.6927386522 
3.0 1.59394221502 3.55697550586 0.25 0.157307107843 6.0 1.40284161966 1.0 78.2714426517 
2.0 1.76420055283 4.66853035144 0.125 0.230377941176 4.0 1.20508513428 1.0 81.4235913754 
1.0 0.756515157278 0.444621938232 0.4 0.000536764705882 0.0 0.0 1.0 82.0509073138 
3.0 1.38214152431 3.7051828186 0.266666666667 0.0126998529412 4.0 1.58928532631 1.0 80.3284901381 
6.0 1.80113350282 2.29721334753 1.5 0.024903872549 3.0 0.422726821288 1.0 76.8522998691 
4.0 2.00404152007 2.1119542066 1.3625 0.0227064705882 2.0 1.15507397695 1.0 78.7089765072 
3.0 1.67220397703 3.55697550586 0.25 0.157307107843 6.0 0.971184112143 1.0 78.2528033853 
1.0 2.39638104284 2.66773162939 1.35 0.00292985294118 3.0 1.15527121846 1.0 80.0670742989 
12.0 2.40942272763 2.85299077032 1.40416666667 0.187863296569 0.0 0.0 1.0 76.5052214265 
8.0 1.61746744806 1.61175452609 1.5 0.0168180882353 4.0 1.40301575041 1.0 75.479413271 
4.0 1.67349233559 1.66733226837 1.25 0.00910117647059 4.0 0.610270313818 1.0 76.5555915236 
9.0 1.50335799634 1.67968287777 1.5 0.0182048202614 2.0 1.64881838103 1.0 75.5447900295 
3.0 1.57053551703 3.55697550586 0.25 0.157307107843 6.0 0.97877243566 1.0 78.1327500939 
9.0 1.57340511114 1.82789019051 1.5 0.0211360947712 4.0 1.6569470074 1.0 75.3658246994 
3.0 1.94000015536 1.92669506567 1.01666666667 0.0117194607843 0.0 0.0 1.0 82.4794888496 
6.0 2.25874213042 3.55697550586 1.4 0.0545747303922 4.0 1.13627626245 1.0 76.0950562358 
3.0 2.37852104666 2.81593894214 0.15 0.0390649509804 3.0 1.38240967035 1.0 83.3631187677 
3.0 2.51335145243 0.74103656372 0.766666666667 0.0117194607843 0.0 0.0 1.0 81.8033581972 
0.0 0.0 0.0 0.0 0.0 0.0 0.0 1.0 79.2213562131 
1.0 2.32073163714 4.00159744409 0.4 0.0292986764706 0.0 0.0 1.0 84.8924607038 
1.0 2.00749468205 5.78008519702 1.1 0.123054705882 2.0 1.91768914491 1.0 81.9615209103 
3.0 2.41654707023 3.11235356763 0.683333333333 0.0207442647059 3.0 1.59679065348 1.0 81.1279773712 
6.0 1.80113350282 2.29721334753 1.5 0.024903872549 3.0 0.422726821288 1.0 76.8522998691 
8.0 2.23696207 4.00159744409 1.2625 0.143546930147 2.0 0.906371364419 1.0 76.3766920567 
4.0 1.70535049881 4.89084132055 0.2125 0.0241742647059 4.0 0.952463457612 1.0 79.1210111976 
12.0 2.30727932524 6.00239616613 1.18333333333 0.256897659314 3.0 1.05696782778 1.0 73.51737082 
3.0 1.75359315425 4.44621938232 0.25 0.022466127451 4.0 1.45358283918 1.0 80.1169529557 
14.0 1.76702741801 3.87456260459 1.26785714286 0.116030147059 2.0 1.52979882051 1.0 73.3203184605 
11.0 2.2291495269 6.10344660664 1.15454545455 0.269648703209 2.0 0.727019485941 1.0 74.9984553456 
2.0 1.03378275463 4.66853035144 0.125 0.230377941176 5.0 1.43050386951 1.0 79.8319378495 
3.0 2.13593629844 4.29801206958 1.36666666667 0.0605506862745 4.0 1.0607005936 1.0 77.5978502631 
6.0 2.17918536198 3.77928647497 1.30833333333 0.0566534068627 2.0 0.9889155852 1.0 77.6533019543 
22.0 1.71433310669 5.65882466841 1.07727272727 0.228767185829 4.0 1.20545408798 1.0 68.7058410048 
4.0 1.65789932346 4.89084132055 0.2125 0.0241742647059 4.0 1.20170114209 1.0 79.2083963752 
7.0 1.0095279787 2.22310969116 1.07857142857 0.0409107983193 1.0 1.07386999754 1.0 75.8270692825 
6.0 2.17918536198 3.77928647497 1.30833333333 0.0566534068627 2.0 0.9889155852 1.0 77.6533019543 
4.0 1.71116714781 2.66773162939 0.325 0.0292986764706 0.0 0.0 1.0 83.2033601403 
23.0 1.75270337411 5.72209103116 1.0847826087 0.222372410486 3.0 1.02511811862 1.0 67.9367521405 
22.0 1.68178220864 5.75987510892 1.06590909091 0.231148489305 4.0 1.13663872755 1.0 68.4833806753 
2.0 1.63139865147 5.5577742279 0.85 0.0909066911765 2.0 0.504320976197 1.0 78.9650270343 
0.0 0.0 0.0 0.0 0.0 0.0 0.0 1.0 79.2213562131 
10.0 2.1558347753 4.57960596379 1.2 0.0922398823529 1.0 1.98718843844 1.0 78.1481924653 
0.0 0.0 0.0 0.0 0.0 0.0 0.0 1.0 79.2213562131 
27.0 1.75198484378 5.20372342524 1.09259259259 0.180510800654 8.0 1.60368798131 0.0 71.3172534108 
9.0 2.52979939732 5.87889007218 0.888888888889 0.203197352941 4.0 1.82333543068 0.0 76.7497104406 
4.0 1.77808662952 4.89084132055 0.2125 0.0241742647059 4.0 1.05775202227 1.0 79.2487755418 
15.0 1.75307075216 5.98757543486 0.95 0.163177754902 7.0 1.18544559044 0.0 73.1872799993 
14.0 2.07530866136 5.20842841929 0.978571428571 0.17629822479 3.0 0.879508490701 1.0 71.8794357777 
15.0 2.11080555479 5.36510472133 0.966666666667 0.174643686275 6.0 1.39286371005 0.0 72.9443159699 
0.0 0.0 0.0 0.0 0.0 0.0 0.0 1.0 79.2213562131 
11.0 1.83045535755 4.00159744409 1.19090909091 0.127896417112 6.0 1.51300812171 0.0 74.2062485218 
4.0 2.60344004932 2.1119542066 0.9875 0.0227093014706 0.0 0.0 1.0 80.0812399387 
21.0 1.83069561065 5.78008519702 1.04523809524 0.232533879552 8.0 1.04303365483 0.0 71.4838010073 
22.0 2.07189236827 5.5375641398 0.997727272727 0.242940013369 10.0 1.32581888937 0.0 72.9423958063 
5.0 1.64854546131 4.44621938232 0.87 0.181479 4.0 1.34728797862 0.0 76.3669493794 
9.0 1.75785899376 4.59442669507 1.30555555556 0.0998711764706 4.0 1.64461497489 1.0 75.8817356825 
9.0 1.81134659489 4.44621938232 1.28888888889 0.101788120915 3.0 1.21291223789 1.0 75.2270916104 
22.0 1.64539603106 6.20449704715 1.00227272727 0.230770715241 10.0 1.34365410188 0.0 72.87443012 
29.0 2.03645165485 6.07138922552 1.06206896552 0.204936754564 5.0 1.39629545115 0.0 68.7242624164 
2.0 1.91796506125 6.8916400426 0.95 0.138160147059 2.0 1.48645425093 1.0 79.9814724922 
30.0 1.91219096471 5.98757543486 1.07666666667 0.199082151961 5.0 1.45720238504 1.0 68.2957214117 
20.0 2.10013652873 5.82454739084 1.0225 0.238328764706 7.0 1.24130218334 0.0 72.2406798601 
6.0 1.53913723142 3.33466453674 1.40833333333 0.0434071813725 2.0 1.32008887787 1.0 76.9780680537 
16.0 2.01846406957 6.14134052183 0.975 0.1605821875 6.0 1.404231541 0.0 73.1543383002 
23.0 1.79889210065 5.66409686531 1.05652173913 0.214209482097 10.0 1.44157545096 0.0 73.1062886119 
4.0 1.8765960675 5.44661874334 1.0875 0.111481544118 2.0 1.02305344809 1.0 77.7921617031 
27.0 1.72273220198 5.94475998896 1.04444444444 0.202776928105 8.0 1.29348273542 0.0 69.6499738097 
8.0 2.17045695179 5.66892971246 1.075 0.398963841912 2.0 1.44878325111 1.0 77.4351227283 
4.0 1.72169497694 2.44542066028 0.475 0.0294689338235 4.0 1.14398377744 1.0 79.1676220298 
7.0 1.91598675217 6.288224555 0.85 0.245877226891 3.0 1.10193790386 1.0 75.1705607772 
11.0 1.37666082927 2.54647110078 0.818181818182 0.0809582620321 0.0 0.0 1.0 76.1158943176 
18.0 2.06891203451 4.91554253934 1.07222222222 0.107480694444 6.0 1.67883665416 0.0 72.613748908 
14.0 1.67194675751 5.11315228967 1.01071428571 0.118801386555 7.0 1.28851736699 0.0 73.5572129488 
15.0 1.90315521122 8.00319488818 0.99 6.97065787255 3.0 0.242070733998 1.0 70.6266784668 
5.0 2.15238890482 1.51171458999 1.03 0.0140633529412 1.0 1.88218429707 1.0 82.6934882998 
5.0 1.57854042364 1.68956336528 0.99 0.0187534117647 2.0 1.44849842997 1.0 79.0467023849 
4.0 1.89479810569 1.55617678381 1.175 0.00892610294118 1.0 0.510663802871 1.0 80.300797224 
13.0 1.67320179885 1.36806750225 1.03846153846 0.283179151584 2.0 1.32134108741 1.0 73.5729694366 
7.0 1.66024479103 1.96904001217 0.914285714286 0.0259664285714 0.0 0.0 1.0 79.4912278652 
7.0 2.43152366114 0.825726456717 0.914285714286 0.0255317016807 0.0 0.0 1.0 79.154920578 
4.0 2.0606469884 1.66733226837 1.4125 0.0161170955882 1.0 1.97357888005 1.0 80.636369884 
6.0 2.19071565763 2.66773162939 0.391666666667 0.0341818137255 2.0 0.897033958628 1.0 80.5893790722 
8.0 2.30701816286 2.72330937167 0.3625 0.0329610294118 3.0 1.33874217745 1.0 78.876157403 
9.0 1.48875721299 0.839841438883 0.955555555556 0.026929248366 4.0 0.270096164121 1.0 73.5699093342 
3.0 2.15962169019 1.18565850195 1.5 0.00239661764706 3.0 1.54916207098 1.0 79.0465554595 
12.0 1.82329303908 1.11155484558 0.920833333333 0.048764129902 5.0 0.625448223447 1.0 72.063806951 
11.0 1.90777060181 8.81159841224 1.05454545455 9.3808496123 2.0 0.894908489044 1.0 72.8607052565 
8.0 1.74375813406 1.27828807242 0.81875 0.122634044118 1.0 0.0 1.0 78.067945838 
5.0 1.6000450139 11.3823216187 0.99 2.06246388235 5.0 1.20731157078 1.0 74.3773153424 
0.0 0.0 0.0 0.0 0.0 1.0 0.565383063053 1.0 78.5452508926 
10.0 2.35405959859 2.44542066028 0.635 0.0263513676471 2.0 1.35077689237 1.0 78.0342745781 
4.0 1.33133103606 1.88964323749 1.475 0.00952205882353 0.0 0.0 1.0 79.866039753 
7.0 2.29134560014 1.46090065419 1.10714285714 0.0297172478992 1.0 1.26918741618 1.0 78.8514181972 
21.0 1.79832563928 13.8256250317 0.902380952381 1.49347782913 4.0 1.32088271355 1.0 70.7882204652 
10.0 1.43192275381 0.711395101171 0.785 0.0249061617647 4.0 0.386424568588 1.0 72.7216023207 
1.0 0.422599834256 2.66773162939 0.5 0.0292986764706 0.0 0.0 1.0 78.8549342752 
6.0 2.16415019762 1.40796947107 1.375 0.0184512990196 0.0 0.0 1.0 79.6481949091 
4.0 1.54355611314 1.11155484558 0.45 0.00293268382353 1.0 0.0 1.0 81.3156569004 
4.0 1.68953542073 1.3338658147 1.5 0.0188602941176 1.0 0.703250868256 1.0 80.2801769972 
2.0 1.46022937108 1.11155484558 0.45 0.00292985294118 0.0 0.0 1.0 83.9692115784 
4.0 2.62905802266 1.22271033014 1.5 0.00252992647059 4.0 1.57541290019 1.0 78.8068440557 
5.0 1.57365785954 11.3823216187 0.99 2.06246388235 5.0 1.19705620516 1.0 74.1649776697 
8.0 2.1897784874 4.89084132055 1.1125 0.0946200183824 1.0 1.73667705291 1.0 78.7249964476 
6.0 1.92035144851 10.0780972666 1.01666666667 1.72360301471 6.0 1.28639697441 1.0 76.3901433349 
8.0 1.99732650516 2.389842918 0.65 0.0191306617647 5.0 0.729962689466 1.0 75.8619463444 
3.0 2.03108596958 1.18565850195 1.5 0.00240039215686 3.0 1.01271650723 1.0 78.3865308762 
5.0 2.13573800927 11.3823216187 0.99 2.06246388235 5.0 1.1967907448 1.0 76.4075818658 
7.0 1.88551136107 2.15959227141 0.7 0.0176780882353 5.0 0.668591163594 1.0 75.9341982007 
5.0 1.75593951985 11.3823216187 0.99 2.06246388235 5.0 0.995508122287 1.0 74.2136353254 
2.0 2.6119667596 2.44542066028 0.275 0.0878961764706 1.0 0.0446473823184 0.0 84.5076730847 
2.0 1.63139865147 5.5577742279 0.85 0.0909066911765 2.0 0.504320976197 1.0 78.9650270343 
4.0 1.95612674649 6.8916400426 0.3875 0.0235215073529 0.0 0.0 1.0 81.2713259459 
2.0 2.80635944428 6.8916400426 0.4 0.0433893382353 3.0 0.653081333545 0.0 80.6682223082 
5.0 0.912156618329 4.09052183174 0.27 0.1193985 1.0 1.89866125819 1.0 81.391723752 
2.0 2.64739452338 1.11155484558 1.5 0.0149197794118 0.0 0.0 1.0 81.1115369201 
6.0 2.46023248277 4.00159744409 0.3 0.0390649509804 1.0 0.0 0.0 81.2269443274 
6.0 2.46023248277 4.00159744409 0.3 0.0390649509804 1.0 0.0 0.0 81.2269443274 
1.0 1.04668277293 3.55697550586 0.6 0.00292985294118 2.0 1.24257763044 1.0 80.7350632548 
5.0 1.14974810193 4.44621938232 0.87 0.181479 3.0 0.798584971778 0.0 74.696341157 
3.0 2.60006475777 2.07490237842 1.1 0.00120754901961 0.0 0.0 1.0 80.4612550139 
1.0 0.848632317475 3.55697550586 0.6 0.00292985294118 2.0 1.48411817984 1.0 80.5992332101 
5.0 1.7969471374 8.71458998935 0.75 0.0656372941176 6.0 1.56017494542 1.0 75.9822124243 
2.0 1.38833359392 11.560170394 0.175 0.0319253676471 1.0 1.74533397942 1.0 81.2038263679 
6.0 1.52188067838 7.85498757543 0.741666666667 0.0551879411765 5.0 1.59259302584 1.0 74.4644573331 
2.0 1.42611276738 7.11395101171 0.375 0.0439480882353 0.0 0.0 1.0 81.563808918 
6.0 1.92464365315 4.00159744409 0.441666666667 0.104381862745 1.0 1.89866125819 1.0 82.9366397858 
2.0 1.48319311701 2.66773162939 0.8 0.0161142647059 1.0 0.298666562098 1.0 80.9384030104 
2.0 2.5885979124 2.44542066028 0.275 0.0878961764706 1.0 0.0446473823184 0.0 84.5839628577 
3.0 1.6212054932 4.74263400781 0.783333333333 0.0109283333333 1.0 0.0 1.0 79.9035361409 
1.0 2.97170127088 8.00319488818 0.25 0.05748 3.0 0.69750899918 0.0 81.8506023288 
6.0 1.80113350282 2.29721334753 1.5 0.024903872549 3.0 0.422726821288 1.0 76.8522998691 
6.0 1.79898697197 7.70678026269 0.85 0.0551860539216 6.0 1.17517835457 1.0 76.087487042 
2.0 1.2847826585 4.66853035144 0.25 0.0296514705882 3.0 0.62300093174 1.0 80.812690556 
19.0 2.45723036049 1.61467967042 1.46052631579 0.0255200232198 2.0 1.41668197682 1.0 71.1573073268 
2.0 2.32521929044 8.00319488818 0.425 0.0161199264706 1.0 1.25481305791 1.0 82.2989225388 
4.0 1.63774137207 1.66733226837 1.25 0.00910117647059 4.0 0.68218755182 1.0 76.4696806669 
6.0 1.14354019642 7.85498757543 0.741666666667 0.0551879411765 8.0 1.24837046618 1.0 74.920488596 
6.0 1.26550932491 7.85498757543 0.741666666667 0.0551879411765 7.0 1.07726217035 1.0 74.1333431005 
3.0 1.6212054932 4.74263400781 0.783333333333 0.0109283333333 1.0 0.0 1.0 79.9035361409 
8.0 2.01604133214 6.39144036209 0.88125 0.0418253308824 5.0 0.985991884623 1.0 75.4574251175 
14.0 1.96873162917 1.04803742583 0.867857142857 0.0884219222689 4.0 1.64325516467 1.0 74.8251289129 
5.0 1.90896647214 2.22310969116 0.6 0.0292986764706 1.0 1.8412886178 1.0 83.8613277674 
5.0 1.55436108604 5.69116080937 0.94 0.150429294118 1.0 1.18920374078 1.0 78.412617743 
1.0 1.67549785274 2.66773162939 0.5 0.0292986764706 0.0 0.0 1.0 84.1577979922 
17.0 1.684092964 0.784626949821 0.970588235294 0.0307333737024 4.0 1.64073458155 1.0 72.8558567166 
2.0 1.4594163907 4.00159744409 0.15 0.0439480882353 2.0 0.36439620998 1.0 82.7020251751 
2.0 1.2847826585 4.66853035144 0.25 0.0296514705882 3.0 0.62300093174 1.0 80.812690556 
4.0 1.64592394839 1.66733226837 1.25 0.00910117647059 4.0 0.691768000771 1.0 76.4515277743 
22.0 2.068106126 5.5375641398 0.997727272727 0.242940013369 10.0 1.32038415091 0.0 72.9378005862 
5.0 1.85249287148 1.77848775293 1.5 0.0181972941176 3.0 1.26818046386 1.0 77.4533718824 
3.0 1.68728148709 2.66773162939 1.2 0.0205128431373 1.0 1.87235350843 1.0 81.5601965785 
8.0 1.64851620369 2.33426517572 0.75 0.0739763602941 0.0 0.0 1.0 79.2978638411 
3.0 1.62167736961 1.92669506567 1.06666666667 0.0117232352941 0.0 0.0 1.0 82.1775215864 
12.0 2.04972568396 3.63107916223 1.30416666667 0.0401481617647 3.0 1.1225350774 1.0 73.736076951 
11.0 1.83962687464 2.7081518056 1.26818181818 0.0368103877005 1.0 0.249389173037 1.0 75.7230815291 
10.0 1.69316630523 4.80191693291 1.08 0.322194852941 2.0 1.17358817514 1.0 74.1158184409 
15.0 1.9256299791 8.15140220092 0.973333333333 6.97260921569 3.0 0.280029012974 1.0 70.5889490247 
8.0 1.98564765948 2.389842918 0.65 0.0191306617647 5.0 0.755738169269 1.0 75.8481758833 
6.0 2.19071565763 2.66773162939 0.391666666667 0.0341818137255 2.0 0.897033958628 1.0 80.5893790722 
7.0 1.24921624388 1.96904001217 0.757142857143 0.167651869748 1.0 1.03501937569 1.0 77.5886496902 
4.0 2.02948553081 3.77928647497 0.8875 0.0220315808824 2.0 0.252036903269 1.0 78.9204326272 
6.0 2.25581507219 2.00079872204 0.891666666667 0.0195033578431 1.0 0.851350708014 1.0 79.7761061788 
7.0 1.63436155656 7.24098585121 0.885714285714 0.205645231092 2.0 1.03175978203 1.0 75.1420521736 
3.0 1.80030882536 0.74103656372 1.16666666667 0.0206887254902 1.0 1.48071516784 1.0 81.8934893608 
11.0 1.37301666215 0.727563171653 0.763636363636 0.0253054812834 4.0 0.507591177701 1.0 71.9470569491 
6.0 1.90789777919 1.40796947107 1.06666666667 0.0152633578431 0.0 0.0 1.0 80.6797382236 
1.0 2.36570837885 0.444621938232 1.5 0.00294117647059 0.0 0.0 1.0 81.7967820168 
10.0 1.38657883119 0.800319488818 0.845 0.0379900441176 2.0 1.85818452052 1.0 77.9623773694 
1.0 2.99282192706 0.889243876464 1.2 0.00144808823529 2.0 0.458695642099 1.0 79.8759698868 
11.0 1.4708067019 0.727563171653 0.763636363636 0.0253054812834 4.0 0.17892380968 1.0 72.1979904175 
11.0 2.15363441398 2.02100881015 0.977272727273 0.0226703208556 1.0 1.40752583473 1.0 77.5552469492 
7.0 1.7454991853 1.65145291343 1.25 0.0255667016807 1.0 0.691240498792 1.0 78.3761751652 
8.0 1.74375813406 1.27828807242 0.81875 0.122634044118 1.0 0.0 1.0 78.067945838 
5.0 1.57177116504 1.24494142705 1.5 0.0156742058824 1.0 0.703250868256 1.0 79.6594727039 
10.0 2.18225639564 1.1560170394 0.93 0.100742970588 2.0 1.24201441099 1.0 76.872048676 
2.0 1.43775650097 2.22310969116 0.325 0.0292986764706 0.0 0.0 1.0 84.0101024508 
9.0 1.93087321754 1.67968287777 1.25 0.0263960294118 1.0 0.691240498792 1.0 76.9876739383 
2.0 1.57991366796 0.889243876464 1.0 0.0295681617647 1.0 1.48071516784 1.0 82.6557335258 
18.0 1.70134398739 5.85418885339 0.705555555556 0.236954591503 4.0 1.04950640781 1.0 69.6953585744 
4.0 2.02948553081 3.77928647497 0.8875 0.0220315808824 2.0 0.252036903269 1.0 78.9204326272 
4.0 1.54355611314 1.11155484558 0.45 0.00293268382353 1.0 0.0 1.0 81.3156569004 
4.0 1.15272505237 2.66773162939 0.3375 0.0291590073529 1.0 1.65002386408 1.0 82.6494714618 
6.0 2.28665480536 1.70438409656 0.941666666667 0.0205090686275 2.0 1.28945796178 1.0 78.9501368999 
13.0 2.09368402179 2.39411812894 0.865384615385 0.0259276357466 1.0 1.40752583473 1.0 76.2390989065 
2.0 2.28136904868 6.8916400426 0.4 0.0433893382353 3.0 0.910981777608 1.0 80.1998898387 
5.0 1.93517021612 7.38072417465 0.55 0.0181947058824 0.0 0.0 1.0 80.2658897638 
0.0 0.0 0.0 0.0 0.0 0.0 0.0 1.0 79.2213562131 
7.0 1.61622226655 7.11395101171 0.828571428571 0.0477225 7.0 1.00051016876 1.0 75.1382371783 
5.0 1.29479653004 1.60063897764 1.12 0.0417111176471 0.0 0.0 1.0 79.4132611156 
1.0 0.365700176494 3.55697550586 0.6 0.00292985294118 2.0 0.953604217847 0.0 75.9701442719 
3.0 1.6904357117 2.07490237842 1.31666666667 0.0205090686275 1.0 0.832202992384 1.0 80.8627718687 
2.0 1.66297754704 11.560170394 0.175 0.0319253676471 1.0 1.74533397942 1.0 81.5391558409 
1.0 0.450954093655 0.889243876464 0.4 0.00292985294118 1.0 0.163623939223 1.0 78.7315016985 
6.0 2.14768231277 6.66932907348 1.19166666667 0.212181102941 2.0 0.901949010432 1.0 77.3598816991 
11.0 1.89269740683 2.02100881015 1.46818181818 0.031648368984 4.0 1.1477192575 1.0 73.8600566983 
10.0 1.56351149696 1.60063897764 1.5 0.0166828088235 5.0 1.20563722702 1.0 74.3399456143 
11.0 1.4708067019 0.727563171653 0.763636363636 0.0253054812834 4.0 0.17892380968 1.0 72.1979904175 
6.0 1.79739593831 3.7051828186 1.0 0.0209731127451 1.0 1.7838936781 1.0 80.2123683691 
14.0 1.88728294723 8.54309295603 0.953571428571 7.46855996849 3.0 0.205241811248 1.0 70.5056574941 
5.0 1.6055707015 2.66773162939 0.33 0.0291869411765 1.0 1.65002386408 1.0 83.5760593414 
0.0 0.0 0.0 0.0 0.0 0.0 0.0 1.0 79.2213562131 
16.0 2.11128177965 3.14014243876 1.353125 0.0206783639706 2.0 1.57613874275 1.0 73.1895193458 
11.0 1.4708067019 0.727563171653 0.763636363636 0.0253054812834 4.0 0.17892380968 1.0 72.1979904175 
0.0 0.0 0.0 0.0 0.0 2.0 0.32546164676 1.0 76.7586526275 
8.0 1.84940646892 2.05637646432 0.95 0.0230741360294 0.0 0.0 1.0 79.0769943595 
5.0 1.56826537582 1.60063897764 0.93 0.0182739705882 0.0 0.0 1.0 80.7511997223 
4.0 1.80892727652 4.22390841321 0.85 0.0237292279412 0.0 0.0 1.0 81.0728600621 
11.0 1.6104720161 0.929664052667 0.972727272727 0.0329544786096 4.0 0.341687315802 1.0 72.5258773565 
11.0 1.58136000766 8.00319488818 1.0 9.23854573529 0.0 0.0 1.0 75.489551127 
21.0 1.84477944379 13.8467975049 0.966666666667 1.48749441877 3.0 0.956732137916 1.0 69.9266445637 
20.0 1.95021522489 0.867012779553 1.025 0.0306682279412 2.0 1.22988370181 1.0 70.9102496505 
5.0 2.24180044343 3.29020234292 1.01 0.0182112352941 2.0 0.504073806538 1.0 77.4794992805 
1.0 0.677158988232 3.11235356763 0.3 0.159906617647 0.0 0.0 1.0 81.0038203001 
2.0 1.40182990987 4.66853035144 0.25 0.0296514705882 3.0 0.668071948323 1.0 80.9514996409 
13.0 2.02640693775 4.20680756943 0.942307692308 0.0877813461538 2.0 1.78822308816 1.0 74.9759098887 
8.0 2.05003189224 2.89004259851 0.2625 0.0329610294118 1.0 1.85020307673 1.0 83.1375578046 
8.0 2.03674547989 6.39144036209 0.9625 0.180008768382 2.0 1.21340574987 1.0 75.5900380015 
14.0 1.87977789736 18.2294994675 0.725 2.22628635504 5.0 1.19673481857 1.0 73.6954191327 
1.0 1.12567251028 76.0303514377 -8.881784197e-15 13.9644302941 1.0 0.500890493301 1.0 85.4829895496 
17.0 2.09043627453 3.58312973752 1.29705882353 0.0392464273356 4.0 1.70814417442 1.0 72.4574506283 
4.0 1.83435340184 4.33506389776 0.8875 0.0233997058824 1.0 1.7838936781 1.0 81.9118195772 
10.0 2.02420244251 5.24653887114 1.085 0.163111338235 1.0 1.83501804418 1.0 77.0859366655 
8.0 2.29690075391 6.05797390841 0.74375 0.1396784375 1.0 1.25273174703 1.0 78.1298571825 
6.0 2.0365174605 4.22390841321 0.8 0.108118651961 3.0 1.61930224597 1.0 78.3248221874 
4.0 1.78891486146 3.11235356763 1.225 0.0227093014706 0.0 0.0 1.0 81.4745187759 
20.0 1.83051563024 14.4946751864 0.8725 1.56812498529 7.0 1.50552452896 1.0 73.0290210247 
8.0 1.88593303825 1.83406549521 0.85 0.147061617647 1.0 1.03501937569 1.0 78.9981612563 
12.0 1.83838807873 5.59482605609 0.941666666667 0.165524497549 0.0 0.0 1.0 74.9337929487 
3.0 1.28279818376 0.889243876464 1.13333333333 0.0132372058824 0.0 0.0 1.0 80.9133344889 
4.0 2.31782635437 6.44701810437 0.8625 0.224725220588 1.0 1.88218429707 1.0 82.0314472914 
4.0 2.00152075937 1.66733226837 1.25 0.00910117647059 5.0 1.26920478429 1.0 76.9232597947 
12.0 1.78070620942 2.96414625488 0.733333333333 0.090810122549 0.0 0.0 1.0 76.9077262282 
2.0 2.05284575093 3.11235356763 0.175 0.0439480882353 2.0 1.19951916977 1.0 84.2979598045 
1.0 0.723149034241 3.55697550586 0.15 0.0585975 2.0 1.00097843621 1.0 81.7163529992 
7.0 2.15075323809 1.65145291343 1.02857142857 0.0179993697479 2.0 0.918998101037 1.0 76.6769114137 
7.0 2.21816055495 5.84360261677 1.23571428571 0.182060273109 3.0 1.41795325368 1.0 77.1355468035 
7.0 1.80428516781 2.22310969116 0.907142857143 0.0207194327731 1.0 0.738213050326 1.0 78.1393060088 
5.0 1.67871037932 2.75665601704 1.02 0.0438260882353 2.0 1.04944188445 1.0 77.6452565193 
0.0 0.0 0.0 0.0 0.0 1.0 0.259347766518 1.0 77.7874702215 
8.0 2.34299209669 3.33466453674 1.23125 0.0807596691176 2.0 1.3875976143 1.0 77.0807486773 
14.0 1.9304010394 18.1659820478 0.789285714286 2.21305465336 4.0 1.0338939175 1.0 72.6395723224 
1.0 2.97573955368 5.78008519702 1.1 0.123054705882 1.0 1.96930578443 1.0 83.6606377363 
3.0 2.14030999952 3.11235356763 1.21666666667 0.0205128431373 0.0 0.0 1.0 82.0657011867 
4.0 2.12912535511 1.44502129925 1.5 0.0161142647059 1.0 1.47794496152 1.0 79.8439705372 
12.0 2.02428020824 2.03785055023 1.47083333333 0.0314525612745 3.0 1.08161484539 1.0 73.8095447421 
3.0 1.93493091017 4.00159744409 0.116666666667 0.0390649509804 2.0 0.565535286389 1.0 82.7780616283 
4.0 1.79009009534 4.11275292865 1.4 0.0527376838235 4.0 0.98599095914 1.0 77.2832676768 
12.0 1.9299428512 3.81633830316 1.175 0.0858940686275 3.0 1.40168383795 1.0 73.7415233254 
10.0 1.63753073624 1.55617678381 1.5 0.0164394852941 6.0 1.47634262363 1.0 73.8184514642 
2.0 1.62044185 4.00159744409 0.15 0.0439480882353 2.0 0.513134903282 1.0 82.939568162 
0.0 0.0 0.0 0.0 0.0 1.0 0.259347766518 1.0 77.7874702215 
4.0 1.52493223704 4.89084132055 0.95 0.109852022059 4.0 0.884988083476 1.0 75.7573708892 
2.0 2.51831484086 8.00319488818 0.425 0.0161199264706 1.0 1.25481305791 1.0 82.5346821547 
1.0 0.62820868318 3.55697550586 0.15 0.0585975 3.0 1.27152074198 1.0 80.6736838818 
4.0 1.70045514406 1.66733226837 1.25 0.00910117647059 4.0 0.648309477962 1.0 76.4863845706 
5.0 1.36446351813 5.86900958466 0.83 0.154167882353 3.0 1.2180171579 1.0 76.1779728532 
4.0 2.04689359062 4.11275292865 1.4 0.0527376838235 3.0 0.449458936659 1.0 78.0999705195 
8.0 2.71841084802 6.00239616613 0.65625 0.142974540441 1.0 1.25273174703 1.0 79.4528651237 
6.0 1.72392338858 5.70598154065 0.858333333333 0.130240857843 1.0 1.18920374078 1.0 78.4861007333 
8.0 2.0428744026 2.44542066028 0.74375 0.0254373897059 1.0 0.738213050326 1.0 78.5415878892 
3.0 1.82879563931 8.44781682641 0.75 4.45401681373 0.0 0.0 1.0 79.508215487 
7.0 1.37648676979 4.82732390081 1.05714285714 0.116240735294 1.0 1.37338511722 1.0 76.9131827354 
30.0 1.96221921875 10.5375399361 1.10166666667 1.04402372059 2.0 1.75985737292 1.0 70.2423620224 
4.0 1.38231835149 1.66733226837 0.7875 0.0155520220588 7.0 1.29118219561 1.0 76.070509553 
4.0 1.52493223704 4.89084132055 0.95 0.109852022059 4.0 0.884988083476 1.0 75.7573708892 
2.0 1.19116899469 2.66773162939 0.8 0.0161142647059 1.0 0.298666562098 1.0 79.6188554168 
8.0 1.24993018028 3.66813099042 1.3125 0.0675691727941 6.0 0.745900454353 0.0 73.3945715427 
8.0 1.15708432729 3.66813099042 1.3125 0.0675691727941 6.0 0.759624325422 0.0 72.8468942642 
8.0 1.11116853812 3.66813099042 1.3125 0.0675691727941 7.0 1.08273626992 0.0 73.1058630347 
7.0 1.70302974445 4.00159744409 0.371428571429 0.0376697689076 0.0 0.0 0.0 80.6294694543 
5.0 1.37666585741 5.86900958466 0.83 0.154167882353 4.0 1.08845929954 1.0 75.2300301194 
8.0 1.26899731755 3.66813099042 1.3125 0.0675691727941 6.0 0.685450190506 0.0 73.4487769008 
8.0 1.86635053983 3.66813099042 1.3125 0.0675691727941 6.0 1.58264024591 0.0 75.6156536937 
4.0 2.00781930253 4.11275292865 1.4 0.0527376838235 3.0 0.491558172512 1.0 78.0590796471 
8.0 1.18866202731 3.66813099042 1.3125 0.0675691727941 6.0 0.646428482788 0.0 73.1039732695 
5.0 1.16477357004 4.44621938232 0.87 0.181479 3.0 0.796048726899 0.0 74.7508352995 
0.0 0.0 0.0 0.0 0.0 0.0 0.0 1.0 79.2213562131 
13.0 1.98725388105 3.69378225608 1.13076923077 0.112726662896 7.0 1.53565204054 0.0 73.3630990982 
8.0 1.57115453808 3.66813099042 1.3125 0.0675691727941 6.0 0.903905679798 0.0 74.3534374237 
9.0 1.73526520457 4.94024375814 1.13333333333 0.079593120915 3.0 1.67179933308 1.0 75.3493386507 
2.0 0.781937905516 5.5577742279 0.85 0.0909066911765 2.0 1.00864195239 0.0 75.6794294715 
9.0 1.70339790422 3.7051828186 1.26666666667 0.0633168954248 1.0 1.46262414049 1.0 76.3203182817 
8.0 2.15554850338 4.5017971246 1.2625 0.151168915441 3.0 1.21315612944 1.0 75.8095800877 
10.0 1.95147734708 6.66932907348 1.115 0.180078529412 2.0 1.35319806171 1.0 74.3957570195 
7.0 1.96735592047 1.90552259242 0.378571428571 0.0766271008403 1.0 0.336627254833 1.0 80.9538757801 
6.0 1.83346318266 5.33546325879 0.941666666667 0.133354460784 1.0 1.33233848225 1.0 78.8950651884 
25.0 1.7859322873 5.35324813632 1.092 0.198265976471 9.0 1.46599460072 0.0 72.2484213114 
6.0 1.59728776244 7.85498757543 0.741666666667 0.0551879411765 2.0 1.74127183749 1.0 77.727843821 
12.0 1.90216944365 1.07450301739 1.15 0.041743370098 2.0 1.52873950767 1.0 75.4189711809 
21.0 1.85212124059 13.8467975049 0.966666666667 1.48749441877 3.0 0.968285291233 1.0 69.9795377254 
5.0 1.97402820325 4.09052183174 1.06 0.0881286176471 4.0 1.46725523072 0.0 77.8748098016 
