0.07824921537798786
0.011070398161023504
0.003906330330103077
0.0030614348472723938
0.0026489094870419893
0.0024115417299747422
0.0022646127650710387
0.002167837753858121
0.002100733314048115
0.00205259076864463
0.002015800339701357
0.0019868126773155193
0.001963221837153546
0.0019435938734533888
0.0019268092376878594
0.0019109057237142236
0.00189784578479503
0.0018865137150929072
0.0018766093017376156
0.0018678199153907618
0.0018599702719797663
0.0018529349343014588
0.0018465535427091672
0.0018407433522829083
0.0018354377477185534
0.00183062212069563
0.0018262309775559278
0.001822184388720013
0.0018184567018621352
0.0018149608649132012
0.0018116619946275617
0.001808633778729611
0.0018057858961302783
0.001803169399296897
0.0018006964421856558
0.0017983754625223451
0.0017961873750879953
0.0017940710321480266
0.0017920441880110727
0.0017901193252783173
0.0017882708484179154
0.0017865186925164261
0.001784868545530683
0.0017833293892320482
0.0017818772976088417
0.0017804919412966957
0.001779156963475153
0.001777634512688683
0.0017759187340678994
0.0017744316731382165
0.001773060182239722
0.001771760690511276
0.0017705401628505847
0.0017693713232345186
0.0017682683194732483
0.0017672007702785044
0.0017660844060710323
0.0017649983146584805
0.0017639421668133298
0.0017629244039696346
0.0017619237202988354
0.0017609350935254323
0.0017599229377670467
0.0017589595007220225
0.0017580480448249327
0.0017572050497279405
0.00175635008803244
0.0017554970715704787
0.0017546783224875139
0.0017538673423908957
0.0017530691444616257
0.0017523098787399713
0.001751515060503508
0.001750737472985659
0.0017499704843390808
0.0017492109136893314
0.0017484617769330522
0.0017477323296137214
0.0017469932614036464
0.0017462678989936188
0.0017455678320727783
0.0017448727923050752
0.0017443055169361434
0.0017436923122027125
0.0017430744128568826
0.001742482842306435
0.0017419015606086419
0.001741325473091859
0.0017407436614252172
0.001740180849427676
0.001739618206102955
0.0017390537800791338
0.001738488663085028
0.001737937229425731
0.0017373899627289402
0.00173683781719545
0.0017362784767374702
0.001735707893869882
0.0017351357722837364
0.0017344240682172802
0.0017338828400200491
0.0017332476207626726
0.0017327234047813432
0.0017320959037581377
0.0017315620771243727
0.0017310091663619055
0.0017303886128186756
0.0017298588623738875
0.0017292400400836054
0.0017287213026084527
0.0017281119058837858
0.0017275984854573877
0.0017269959138503498
0.0017264859012410742
0.0017258891946680018
0.0017253991462828527
0.0017248942026218046
0.0017242712872118503
0.0017237763210323797
0.0017231890340417921
0.0017227124060480007
0.0017221070226378949
0.0017216265989251902
0.0017210431763803266
0.0017205741900044073
0.001719965344738825
0.001719481687719818
0.0017189058899033415
0.0017184385573399848
0.0017178542408132211
0.0017174127326560114
0.0017168347876615013
0.0017163876843988143
0.0017157790246130626
0.0017153634143214605
0.0017147863321314535
0.001714340123409266
0.0017137605238665028
0.0017133507083030037
0.0017127683219973111
0.0017123584221053274
0.0017118085229683227
0.0017114074151095351
0.0017108648504648185
0.0017104784275984814
0.0017099191930838938
0.0017095102746295743
0.0017089687575890305
0.0017085740415493833
0.0017080801206509034
0.0017076820402718487
0.0017071514764001052
0.0017067529324246045
0.0017062664016961127
0.0017058636178393588
0.0017053232550744751
0.001704909205052777
0.0017045433408704245
0.0017040159189758899
0.0017036383487808334
0.001703167299037513
0.001702774106967278
0.0017022770011978663
0.0017018990391478698
0.0017014156464239588
0.0017010879801300722
0.0017006064116393562
0.001700172523049026
0.0016998608048065262
0.0016994001472251535
0.001699076228303559
0.001698571919577497
0.0016981664485259222
0.001697818108424399
0.0016973314749313228
0.0016969795393236098
0.0016965496843016775
0.0016960768973100213
0.0016957243971086713
0.0016952528911308286
0.0016949151551970392
0.0016944574472137902
0.0016940256241164253
0.0016936927491225811
0.0016932349734332052
0.0016928745083926932
0.0016924055665736091
0.00169197436021095
0.0016916461592752798
0.001691148162677628
0.0016908279819130769
0.0016903676534518529
0.0016899128499169842
0.0016895729406550721
0.0016891059837504056
0.0016888136992034544
0.0016883329799547027
0.0016878373845729037
0.0016875518732946586
0.0016870841465737405
0.0016867244805654864
0.0016862783668326468
0.0016858662583255997
0.0016854673201962876
0.0016851263539371067
0.0016847896291091627
0.001684356938574488
0.0016839059233743397
0.0016835983714656858
0.001683051438826465
0.0016828138400023758
0.0016823427452101083
0.0016819087579847264
0.0016815272761698773
0.0016810905866866655
0.001680726402951461
0.0016802487253547481
0.0016798565622676476
0.001679457362994878
0.0016790157584604408
0.0016785236415256383
0.0016781153475820302
0.0016777248043219812
0.0016773510161530397
0.0016768544106933818
0.0016764633465289269
0.00167613065925575
0.0016756514367844504
0.0016752256946718535
0.001674845627141772
0.001674431772528453
0.001674059282997521
0.0016736481732499311
0.0016732159075224053
0.0016728572142902043
0.0016724463804758285
0.0016718879737360757
0.0016716946372133694
0.001671158747947935
0.001670741030592425
0.0016704035894013316
0.0016699342836068536
0.001669503782529792
0.001669052055416357
0.0016687087043319854
0.0016681852070840372
0.0016677059767619823
0.0016674386395291577
0.001666978573290416
0.0016665021733201879
0.0016660576286532404
0.0016655866389636105
0.001665177055303
0.0016647040136764304
0.001664204332595748
0.001663717692549031
0.001663351427065025
0.0016628278626233848
0.0016623918493158963
0.0016619343917306706
0.0016615008399091277
0.0016610578923013871
0.0016606097457316502
0.0016601489712217516
0.0016598255698124093
0.0016593904391393308
0.0016590331424661633
0.0016586791796766697
0.0016583282133836388
0.0016579823015632357
0.0016575847688060693
0.0016571213809656157
0.0016569501857536034
0.001656515602515671
0.0016561910756574484
0.0016557695232617877
0.0016552650028506157
0.0016550356314742457
0.001654516417761663
0.0016541477303584334
0.0016536227669035693
0.0016532998619144873
0.0016529417121003683
0.0016523994575616495
0.001652016405323622
0.0016516816107808815
0.0016511583343842553
0.0016506840804660545
0.0016503072285825795
0.0016498970415894808
0.0016495324037628912
0.0016490174875388207
0.001648570712727113
0.0016480573848957313
0.0016477561377216576
0.0016472814691944337
0.001646812046747664
0.001646407263623359
0.0016458723670091646
0.0016454365782249726
