0.21225680826224577
0.21334274100437647
0.20624798616884396
0.20092559107784827
0.1978950842655949
0.19595106334631446
0.19462599809668965
0.19349362761572075
0.1926510534414698
0.19188611084904358
0.19119371469228358
0.1905588894362512
0.18988524561347175
0.189112261182554
0.18850016552964685
0.18784003125517904
0.18718959926405115
0.18651793147221604
0.1857370596483234
0.18537581849733356
0.18486004624827274
0.18445658290217384
0.18401447646001026
0.1836570759529734
0.1832925833789469
0.18298147565786477
0.18266631603629713
0.1822267495995383
0.1819401364667686
0.181596242412439
0.1813550165290415
0.1810169295635435
0.18069248311416028
0.18050181603700705
0.18008833836675903
0.1797723702124051
0.1794885802846833
0.17910424425870772
0.17888530779796055
0.17849199014157663
0.17830631826095594
0.1779882616167843
0.1777912074002203
0.17748915090015288
0.17720267855710228
0.17687301334752814
0.17667378214258328
0.17644601218418246
0.17607076907938926
0.17586300856039774
0.1755861129574523
0.17532765299035313
0.1751681609269571
0.17477152531129264
0.17452087659116433
0.17412092024261544
0.17401047048615456
0.17391629416464977
0.17376495472763817
0.17350984033614705
0.1733656024253043
0.17322824946410134
0.1730284717913279
0.17296310997746528
0.17302757731553586
0.17284266836727866
0.17276994851859082
0.1726970821401496
0.17234448666837276
0.17215411885235174
0.17201672578241936
0.17176421250328067
0.17163111621943528
0.17149911290923614
0.1712629276004401
0.17098403077578772
0.17097972463255295
0.1706507432349992
0.17047446758341459
0.17045366200096276
0.17011848798918838
0.1698345494690177
0.16970819169610757
0.16952995258899045
0.16920517616782574
0.1689409237404425
0.16871043198330965
0.16859474547534659
0.1684108466803049
0.16832204565657613
0.16812553991701476
0.16792716666367294
0.16790643948285688
0.16774782440446528
0.1674888063545886
0.16739107275501314
0.16718228830988358
0.16701223723980274
0.16681418005786228
0.1666545729368049
0.16659272581956105
0.1664380845068793
0.16627946008320196
0.1661278044553153
0.16599222829887464
0.1658974110360739
0.16567199328588647
0.1655394645958469
0.16556863824199805
0.16530872372975355
0.1651863533396505
0.16503387311237228
0.16484264079179378
0.16472133604672368
0.16459655793529906
0.16439879640895483
0.16422631547716782
0.16410772093965076
0.1639726776193905
0.16399579732252184
0.1636913712166672
0.16334464291392015
0.1632178511433143
0.1629309874317263
0.16276395941952174
0.16254556010201704
0.1623853037054605
0.1621412870794261
0.16202480813938422
0.16192833604587287
0.16169491530606375
0.16167202993153854
0.16143760283499237
0.16141537897246144
0.16120148124180417
0.1610843886091404
0.160814533426561
0.16073610137261618
0.16053250484936166
0.1604143349206065
0.16041141124326805
0.16012076371594047
0.16012269748732638
0.15995526026600998
0.15981778301855537
0.15969058254439952
0.15938165305688412
0.1591958460359915
0.15898093472744648
0.15906074470409337
0.1587548739674533
0.15866837843509923
0.15857089607506833
0.15833147195562308
0.15817136065136583
0.15799103164912456
0.1578845725839478
0.1576819469294915
0.15739170363252616
0.1574169251142757
0.15713288082236712
0.15702694259997657
0.15683816934013767
0.15671902404878396
0.15663338615970732
0.15657520155789764
0.15642538119526908
0.15634812667315612
0.15623117611839885
0.15618471969102557
0.15597888330209508
0.15594245336476967
0.15563457886784135
0.15566495788515028
0.15545150226830992
0.15546398546960838
0.1551038134764522
0.15498670212815813
0.15475524657810047
0.15463246721522617
0.1544410722187748
0.1543193704828492
0.15419576017690265
0.1540724997261605
0.1539598816253546
0.15366320058879274
0.15377976155505915
0.15359306237859635
0.1533482324514644
0.15317066694453252
0.15308278782787835
0.15308832195109334
0.15280478146302834
0.15276321761173683
0.15248731447136235
0.15232547632842622
0.15234721753324912
0.15213300737733065
0.1517462758570407
0.1513925106663267
0.15140106027781017
0.1512454463952949
0.15107638266196158
0.15084298776283836
0.1505358406034634
0.15044048465094897
0.15034045138738225
0.15028657359283235
0.15006693097847493
0.14991961000309825
0.14989100651307272
0.15001338024867256
0.1495872972873376
0.14947644332439877
0.1493453063144351
0.14907534026821254
0.14874273085455686
0.1484257535117931
0.14824745569135336
0.14827268326507487
0.14816929544041696
0.1479101890374863
0.1479579849229715
0.1478596046365373
0.14772683715738869
0.14761680871056088
0.14758200561551352
0.14751022549095558
0.14749853937384136
0.14729670622075422
0.1472035910688776
0.14708986517726863
0.14673170596020532
0.14673738649024007
0.1466928366929735
0.1463367992721491
0.14637610052458022
0.14640062459273345
0.14632108524727103
0.1459084378986875
0.14607566827798107
0.14579054295592658
0.14584617937724667
0.14575369807437602
0.14574243773381948
0.1456460173256618
0.1456242088645809
0.14565079999777528
0.1455268522064904
0.14547667342244713
0.14558108609988468
0.1453843158695734
0.1454765346704461
0.1453144351980115
0.14527052260760498
0.1452508447634694
0.14527119372923913
0.145143843997889
0.14525714724944191
0.14507831453025494
0.1451332958613935
0.14481446539441817
0.1448851953111423
0.14492537109813544
0.14502802763908282
0.14487299375214893
0.14481845445970165
0.1449966072068212
0.14469226416491854
0.14482981118034008
0.14484947824194885
0.14489016719268283
0.14457449865296382
0.1447137171147122
0.14477064306883877
0.14470588161492845
0.14474264450281035
0.14467785752964651
0.1447164833503633
0.14466595348489997
0.14460297598996913
0.14457788886389814
0.1444943621169008
0.14453342313162107
0.14455910363832503
0.14457918802040523
0.1444042868810647
0.14427618250084273
0.14414505573408914
0.14430090943230053
0.1442349651694033
0.144159727504597
0.1443127682922366
0.14429598794862705
0.14407188893598125
0.14409919038429259
0.1441400688063824
0.1440772317732383
0.1440284386956376
0.14383077536090413
0.14386908031350185
0.14380871756730143
0.143952017579166
0.14373523352724807
0.1438863611663532
0.14372435310531756
0.14373442847506018
0.14374114775388805
0.14362264005703954
0.14359430702993609
0.1434196856511264
0.1434191440084966
0.14341717646576338
0.143281315187421
0.14321776183392795
0.1431559583689115
0.14329137381196258
0.14304731162902382
0.14305861141972545
0.142891654719515
0.14300700661456245
0.14286011556717632
0.1427134285177053
0.14269560080566365
0.14284018344637273
0.1427526727370595
0.1427314194895392
0.14285746130644647
0.14275649468415266
0.14278900184787532
0.142791537270089
0.142634229117078
0.14259180279977968
0.14269759101015198
0.14255910647302633
0.14251167997367126
0.14267952571084727
0.14251340472012522
0.14237024341595625
0.142531629393421
0.14262706882540502
0.1424505419256044
0.1424211941399231
0.1425369605258231
0.1423669607512402
0.14252340264870061
0.14246664579751525
0.14232068187174765
0.14247565188852154
0.14245953916901216
0.14251014712720733
0.14234358782658396
0.1424089844436896
0.14230504200521607
0.14237217812588
0.1423291545883211
0.1422941097347692
0.14238695079545632
0.142252251824554
0.14226127785352696
0.14216923397697595
0.1420764615311316
0.14213573265934407
0.14216019816306819
0.14223657545345267
0.14196573115101271
0.14188675701750844
0.14215096318569753
0.14206846078298702
0.14183861940554218
0.1419961054523989
0.14190937714274263
0.1420191782375401
0.14175106511239344
0.14169557828607787
0.14191903922905352
0.14174067081448993
0.14181721326500657
0.14158571722794042
0.14160498804359178
0.14179622476008535
0.14157519988757808
0.1415422524027737
0.14173212257264
0.14165098571723525
0.14142243408008381
0.141592393576785
0.1416359473570352
0.14148697589696196
0.14157491805944178
0.1415277064519334
0.14172530731559488
0.14150291002434834
0.14150356427320984
0.14137108801013004
0.1412375561465665
0.1413020800450771
0.14112747802678008
0.1411456899514721
0.14120488317252775
0.1410918827629502
0.14116778339640612
0.1409367246810965
0.14100574452646367
0.14103225464642366
0.14095095993122406
0.1409629012968768
0.14100682196481942
0.14106373576579473
0.14091777349908835
0.14101512929809012
0.14087758854611063
0.14091692899338953
0.1407489120078675
0.14076604511151683
0.14077271984606876
0.14098887091547638
0.14066116481182495
0.14078378239123787
0.1407533690810402
0.14091100107406715
0.14063925689156548
0.1405109398041092
0.14081695508127448
0.14080758698733897
0.14051186751524344
0.14074684130518053
0.14066530659734364
0.14070354924892467
0.1405776621787044
0.14052385591788566
0.14078233719243
0.14055208271568903
0.14053609025591504
0.14055366174454997
0.14073723079431869
0.1403963549221627
0.14063865693260189
0.14057766400060018
0.1403406902195877
0.1406616253043218
0.1404737060870818
0.14059509187775968
0.1401924228947103
0.1407013245573388
0.1404030444887119
0.14025299354255552
0.14056960226098972
0.14028533760475545
0.14056682751417734
0.14022951664946096
0.14008756479620055
0.14046197399718183
0.1401524895445385
0.1403278590941109
0.14035928003984072
0.14001498681468652
0.1403034518824047
0.14026159511141112
0.1400848455062661
0.14009146604051897
0.1401593582086227
0.1402422641890798
0.14007806216069077
0.140157580530226
0.13978755218308503
0.14019560723309674
0.14020520865436625
0.13968804669386728
0.13976537812813597
0.13966550868903893
0.13957407971637883
0.13960791917146118
0.13971780664615532
0.13942262117666515
0.13938480494096372
0.13960361169817193
0.13943554744000963
0.13890195617533663
0.1393867996606059
0.1391211183445335
0.13906115869264582
0.13918685869337605
0.13907118297608076
0.1389475794285928
0.13897964841999244
0.13874146618982444
0.13885389323846764
0.1388173874786768
0.13863383513935926
0.1385819526980499
0.13872797060805955
0.13829240055121056
0.13850026191157394
0.13856576758660452
0.1381827732316294
0.13808686605208143
0.13798125473620462
0.1382540470305985
0.13795248471633836
0.13773084968076377
0.13819721447513775
0.13789148602776255
0.13786893582696297
0.13771384156367908
0.13777686621867402
0.13743500419443055
0.1377204018671673
0.13745116141376387
0.1375680479121605
0.1376201895349872
0.13739137419857103
0.13714488354080714
0.13749053887725568
0.13727946069517458
0.13735117700279603
0.13717954206749935
0.1371170243462558
0.13735441876097856
0.13703383278660186
0.1368659371017186
0.13707096506037397
0.13700127335670326
0.1368384719014208
0.1367869808396633
0.1368752562385823
0.1367716993136728
0.13679334593759432
0.1367567382368295
0.13681694448077183
0.13677083189522146
0.13667328238923904
0.13655513052601
0.1366831522222816
0.13657068129479258
0.1364633334108735
0.1366584328360115
0.13646760786627074
0.13657716060463296
0.13645079534980611
0.13640751878603022
0.1364425798250927
0.13641244164701632
0.13626150299088974
0.13632469184498938
0.13636965720520444
0.13631027550051256
0.13626746806146955
0.13623313686959346
0.1361964337335904
0.13608974706344049
0.13599660606352346
0.13607653229696853
0.13613223991586568
0.13594273528591252
0.13599029867065174
0.13576833438832456
0.1359892763076285
0.13593642814804238
0.13580992698303515
0.13588078412022864
0.13580970232781375
0.13562301113600342
0.13588233525206203
0.13566652185785805
0.13575201828115535
0.13569281290441007
0.13548614104427317
0.13549743917485788
0.13545545077687313
0.13541356454584888
0.1352765916341218
0.13543112446277977
0.13524659248498297
0.1352977918757824
0.13525746084011667
0.1352299209712875
0.13521518151510872
0.13507002414708782
0.13522144433220273
0.13509528165298407
0.13504272749787874
0.13505104576589216
0.1348060578900143
0.13478808731891034
0.13468681148081954
0.13470087849653892
0.13463197429252288
0.1346179373048093
0.1345079669533741
0.13449620592102798
0.13443980106583353
0.1344649988096147
0.13428281079213117
0.13438398893134246
0.13449102529771415
0.13433721185421849
0.1341908100948296
0.13417574852010053
0.1341888928347707
