0.9853599667549133 0.01464005559682846 
0.9782000184059143 0.021799985319375992 
0.771172821521759 0.22882717847824097 
0.6672597527503967 0.33274024724960327 
0.9334865808486938 0.06651341170072556 
0.8689455389976501 0.13105444610118866 
0.07189985364675522 0.9281001687049866 
0.7881596088409424 0.2118404060602188 
0.8069096803665161 0.1930902898311615 
0.5756109356880188 0.4243890643119812 
0.4727354347705841 0.5272645354270935 
0.6168333888053894 0.383166640996933 
0.347202867269516 0.6527971625328064 
0.3029640018939972 0.6970359683036804 
0.42579197883605957 0.5742080211639404 
0.24710528552532196 0.7528946995735168 
0.3368551433086395 0.6631448268890381 
0.8310173749923706 0.168982595205307 
0.22370170056819916 0.7762982845306396 
0.07302074879407883 0.9269792437553406 
0.033679939806461334 0.9663200378417969 
0.6167703866958618 0.3832296133041382 
0.44010981917381287 0.5598902106285095 
0.30047404766082764 0.6995259523391724 
0.3453916609287262 0.6546083092689514 
0.08088887482881546 0.9191111326217651 
0.37744778394699097 0.622552216053009 
0.4075870215892792 0.5924129486083984 
0.9772970080375671 0.022703014314174652 
0.010999810881912708 0.9890002012252808 
0.8056995272636414 0.19430048763751984 
0.3849680423736572 0.6150319576263428 
0.1909084916114807 0.8090915083885193 
0.558983564376831 0.44101643562316895 
0.7220192551612854 0.2779807448387146 
0.42713749408721924 0.5728625059127808 
0.01459282636642456 0.9854071736335754 
0.0017584763700142503 0.9982415437698364 
0.1858796924352646 0.8141202926635742 
0.22943782806396484 0.7705621719360352 
0.43412402272224426 0.5658759474754333 
0.1811695545911789 0.8188304305076599 
0.2407824993133545 0.7592175006866455 
0.8655173778533936 0.13448265194892883 
0.9077297449111938 0.09227025508880615 
0.6767182350158691 0.32328176498413086 
0.5260301828384399 0.47396981716156006 
0.07192987948656082 0.9280701279640198 
0.808175265789032 0.1918247491121292 
0.05718222260475159 0.942817747592926 
0.6990569829940796 0.300942987203598 
0.619441568851471 0.38055843114852905 
0.003766172332689166 0.9962338209152222 
0.10482409596443176 0.8951758742332458 
0.18513494729995728 0.8148650527000427 
0.029142748564481735 0.9708572626113892 
0.24562035501003265 0.7543796300888062 
0.013225553557276726 0.9867744445800781 
0.6305158734321594 0.3694840967655182 
0.745334267616272 0.25466570258140564 
0.42720600962638855 0.5727940201759338 
0.6092870235443115 0.3907129764556885 
0.0017584763700142503 0.9982415437698364 
0.011449555866420269 0.9885504245758057 
0.3422672748565674 0.6577327251434326 
0.3125914931297302 0.6874085068702698 
0.9247729778289795 0.0752270296216011 
0.4237438440322876 0.5762561559677124 
0.4197109341621399 0.5802890658378601 
0.39767515659332275 0.6023248434066772 
0.02910478040575981 0.9708952307701111 
0.3324628174304962 0.6675372123718262 
0.33227449655532837 0.6677255034446716 
0.6241426467895508 0.3758573830127716 
0.34714582562446594 0.6528541445732117 
0.34922999143600464 0.6507700085639954 
0.39053216576576233 0.6094678044319153 
0.39767515659332275 0.6023248434066772 
0.003972003702074289 0.9960280060768127 
0.935460090637207 0.06453987956047058 
0.08610645681619644 0.9138935208320618 
0.3440345525741577 0.6559654474258423 
0.9883790016174316 0.011621019802987576 
0.5901190638542175 0.40988096594810486 
0.4101273715496063 0.5898725986480713 
0.2125600278377533 0.7874399423599243 
0.6522672176361084 0.3477327823638916 
0.17422613501548767 0.8257738351821899 
0.59222012758255 0.40777990221977234 
0.006699285935610533 0.99330073595047 
0.3161598742008209 0.6838400959968567 
0.08162885904312134 0.9183711409568787 
0.40920913219451904 0.590790867805481 
0.6967448592185974 0.303255170583725 
0.16643266379833221 0.8335673213005066 
0.08867131173610687 0.9113286733627319 
0.5678762197494507 0.4321237802505493 
0.4639072120189667 0.5360927581787109 
0.6522672176361084 0.3477327823638916 
0.9642847776412964 0.03571523353457451 
0.15043045580387115 0.84956955909729 
0.3854016661643982 0.6145983338356018 
0.08206436038017273 0.9179356694221497 
0.15890656411647797 0.8410934209823608 
0.31923946738243103 0.6807605028152466 
0.44359034299850464 0.5564096570014954 
0.31809526681900024 0.6819047331809998 
0.9226498603820801 0.07735016196966171 
0.3596532344818115 0.6403467655181885 
0.8183665871620178 0.18163339793682098 
0.02870267815887928 0.9712973237037659 
0.05595683306455612 0.9440431594848633 
0.2534240782260895 0.7465759515762329 
0.07975201308727264 0.9202479720115662 
0.17995117604732513 0.8200488090515137 
0.5758736729621887 0.42412635684013367 
0.13127855956554413 0.8687214255332947 
0.10684698820114136 0.8931530117988586 
0.06532296538352966 0.9346770644187927 
0.19965527951717377 0.800344705581665 
0.48616471886634827 0.5138353109359741 
0.28420865535736084 0.7157913446426392 
0.4609484076499939 0.5390515923500061 
0.3233796954154968 0.6766203045845032 
0.09303790330886841 0.9069620966911316 
0.006136353127658367 0.9938636422157288 
0.003669892903417349 0.9963300824165344 
0.36765056848526 0.63234943151474 
0.0029367664828896523 0.9970632195472717 
0.16127318143844604 0.838726818561554 
0.12052451819181442 0.879475474357605 
0.7366822361946106 0.2633177936077118 
0.0007726276526227593 0.9992273449897766 
0.16946986317634583 0.8305301070213318 
0.8912287354469299 0.10877126455307007 
0.11497581750154495 0.8850241899490356 
0.2622917890548706 0.7377082109451294 
3.7361824745119065e-10 1.0 
0.0009284158004447818 0.9990715980529785 
4.61557756352704e-05 0.9999538660049438 
4.718282013982389e-07 0.9999995231628418 
0.13591724634170532 0.8640827536582947 
0.5402796268463135 0.4597203731536865 
0.6646595597267151 0.3353404402732849 
0.2166132926940918 0.7833867073059082 
0.1965591460466385 0.8034408688545227 
0.4214506149291992 0.5785493850708008 
0.7992894649505615 0.20071053504943848 
0.7154896855354309 0.2845103144645691 
0.006130705121904612 0.9938693046569824 
4.718282013982389e-07 0.9999995231628418 
0.9999552369117737 4.47864003945142e-05 
0.0014831876615062356 0.9985167980194092 
0.00017858331557363272 0.9998214244842529 
4.718282013982389e-07 0.9999995231628418 
0.9938311576843262 0.00616881949827075 
0.009781936183571815 0.9902180433273315 
0.04870894178748131 0.9512910842895508 
0.4448271691799164 0.5551728010177612 
0.017663052305579185 0.9823369383811951 
0.0007726276526227593 0.9992273449897766 
0.02964545227587223 0.9703545570373535 
0.8366771340370178 0.16332288086414337 
0.005739137530326843 0.994260847568512 
0.2559289038181305 0.7440710663795471 
0.01802639476954937 0.9819735884666443 
0.005381736438721418 0.9946182370185852 
0.09895657747983932 0.9010434150695801 
0.0337035208940506 0.9662964940071106 
0.7746112942695618 0.22538872063159943 
0.03422572836279869 0.9657742977142334 
0.2559289038181305 0.7440710663795471 
0.22277526557445526 0.7772247195243835 
0.1625635325908661 0.8374364376068115 
0.0356515571475029 0.9643484354019165 
0.0444471538066864 0.9555528163909912 
0.15956787765026093 0.8404321074485779 
0.01883656531572342 0.9811634421348572 
0.24530000984668732 0.7547000050544739 
0.5002543330192566 0.4997456669807434 
0.06264501810073853 0.9373549818992615 
0.1778428703546524 0.8221571445465088 
0.8912287354469299 0.10877126455307007 
0.4840392470359802 0.5159607529640198 
0.04046846181154251 0.9595315456390381 
0.12263543158769608 0.8773645758628845 
0.16938990354537964 0.8306100964546204 
0.2476438730955124 0.7523561120033264 
0.0002063529973383993 0.9997936487197876 
0.012338784523308277 0.9876612424850464 
0.6851060390472412 0.3148939907550812 
0.05438380688428879 0.9456161856651306 
0.2258620262145996 0.7741379737854004 
0.005242915824055672 0.9947570562362671 
0.36392906308174133 0.636070966720581 
0.6867112517356873 0.31328874826431274 
0.8858616352081299 0.11413834989070892 
0.0051072440110147 0.9948927760124207 
9.507924914942123e-06 0.9999904632568359 
3.451137672527693e-05 0.999965488910675 
0.15906330943107605 0.8409366607666016 
0.5970120429992676 0.4029879570007324 
0.14755642414093018 0.8524435758590698 
2.895428224292118e-06 0.999997079372406 
2.3190691536001395e-06 0.9999976754188538 
1.4006623132445384e-05 0.9999859929084778 
0.10665129125118256 0.8933486938476562 
0.0007726276526227593 0.9992273449897766 
0.07393281161785126 0.9260671734809875 
4.718282013982389e-07 0.9999995231628418 
0.15348584949970245 0.8465141654014587 
0.1948719024658203 0.8051280975341797 
0.008808552287518978 0.9911914467811584 
0.4989396929740906 0.5010603070259094 
0.1826268434524536 0.8173731565475464 
0.06755690276622772 0.9324430823326111 
0.7395573854446411 0.2604425847530365 
0.036151912063360214 0.9638481140136719 
0.14955496788024902 0.850445032119751 
0.3214951455593109 0.6785048246383667 
0.4743972420692444 0.5256027579307556 
0.0007726276526227593 0.9992273449897766 
0.8812604546546936 0.11873956024646759 
0.5489088892936707 0.45109111070632935 
0.0007726276526227593 0.9992273449897766 
0.13644851744174957 0.8635514974594116 
0.013731292448937893 0.9862686991691589 
0.4037542939186096 0.5962457060813904 
0.4146314263343811 0.5853685736656189 
0.4961766302585602 0.5038233399391174 
0.06257889419794083 0.9374210834503174 
0.037041861563920975 0.9629581570625305 
0.1373412013053894 0.8626587986946106 
0.3406088352203369 0.6593911647796631 
0.5089713335037231 0.49102866649627686 
0.47639259696006775 0.5236073732376099 
0.22913838922977448 0.7708616256713867 
0.472637414932251 0.527362585067749 
0.01346962433308363 0.9865303635597229 
0.5489088892936707 0.45109111070632935 
0.17259128391742706 0.8274087309837341 
0.03782760351896286 0.9621723890304565 
0.04256430268287659 0.9574357271194458 
0.12744911015033722 0.872550904750824 
0.07679407298564911 0.9232059121131897 
0.3765450119972229 0.6234549880027771 
0.3236614465713501 0.6763385534286499 
0.18423739075660706 0.8157626390457153 
0.3854440450668335 0.6145559549331665 
0.06985285878181458 0.9301471710205078 
0.10401391237974167 0.8959860801696777 
0.0989479273557663 0.9010520577430725 
0.013025607913732529 0.9869744181632996 
0.02373696304857731 0.9762630462646484 
0.015598276630043983 0.9844017028808594 
0.033681221306324005 0.9663187861442566 
0.012186594307422638 0.987813413143158 
0.093272365629673 0.9067276120185852 
0.006353279110044241 0.9936467409133911 
0.15269050002098083 0.8473095297813416 
0.04870894178748131 0.9512910842895508 
0.014738532714545727 0.9852614402770996 
0.4130682349205017 0.5869317650794983 
0.03325400874018669 0.9667459726333618 
0.10468357056379318 0.8953164219856262 
0.012563972733914852 0.987436056137085 
0.0017926482250913978 0.9982073307037354 
0.017663052305579185 0.9823369383811951 
0.0009117667796090245 0.9990882277488708 
0.00701134093105793 0.992988646030426 
0.00044419823097996414 0.9995558261871338 
0.0226223673671484 0.9773776531219482 
0.012563972733914852 0.987436056137085 
0.028344755992293358 0.9716552495956421 
0.33126720786094666 0.668732762336731 
0.1465011090040207 0.8534988760948181 
0.03558063879609108 0.9644193649291992 
0.017663052305579185 0.9823369383811951 
0.0253839660435915 0.9746160507202148 
0.0019900535698980093 0.9980099201202393 
0.0024087021593004465 0.9975913166999817 
0.009295576252043247 0.9907044172286987 
0.29642269015312195 0.7035772800445557 
0.41036051511764526 0.5896394848823547 
0.3651198148727417 0.6348801851272583 
0.32268837094306946 0.6773115992546082 
0.0021747956052422523 0.9978252053260803 
0.4019136428833008 0.5980863571166992 
0.33386510610580444 0.6661348938941956 
0.03336348012089729 0.9666365385055542 
0.5852966904640198 0.41470327973365784 
0.00014810894208494574 0.9998518824577332 
0.12324420362710953 0.8767557740211487 
0.00715177645906806 0.9928482174873352 
0.03891899064183235 0.9610810279846191 
0.045378558337688446 0.954621434211731 
0.0007726276526227593 0.9992273449897766 
0.0007726276526227593 0.9992273449897766 
0.003422738052904606 0.996577262878418 
0.0008135596290230751 0.9991864562034607 
0.00043649456347338855 0.9995635151863098 
0.00021222664508968592 0.9997877478599548 
0.0007726276526227593 0.9992273449897766 
5.855021299794316e-05 0.9999414682388306 
0.10248873382806778 0.8975112438201904 
9.304242121288553e-05 0.9999069571495056 
0.0003040550509467721 0.9996959567070007 
0.06651045382022858 0.9334895610809326 
0.07174386084079742 0.9282561540603638 
0.2957294285297394 0.7042705416679382 
0.00043687751167453825 0.9995630979537964 
0.36328521370887756 0.6367147564888 
0.20792904496192932 0.7920709252357483 
0.11159886419773102 0.8884011507034302 
0.20555827021598816 0.7944417595863342 
0.6453158259391785 0.35468417406082153 
0.15647917985916138 0.8435208201408386 
0.7230122685432434 0.2769877314567566 
0.011469786055386066 0.9885302186012268 
0.15275892615318298 0.8472410440444946 
0.01802639476954937 0.9819735884666443 
0.32687482237815857 0.6731252074241638 
0.28882426023483276 0.7111757397651672 
0.09783390909433365 0.9021660685539246 
0.22390532493591309 0.7760946750640869 
0.1568564921617508 0.8431435227394104 
0.2259109765291214 0.7740890383720398 
0.09559915214776993 0.9044008255004883 
0.15161748230457306 0.8483825325965881 
0.042224347591400146 0.9577756524085999 
0.3357243835926056 0.6642756462097168 
0.057272061705589294 0.9427279233932495 
0.008780213072896004 0.9912197589874268 
0.12056358903646469 0.8794364333152771 
0.01802639476954937 0.9819735884666443 
0.23457792401313782 0.7654220461845398 
0.06310497969388962 0.9368950128555298 
0.07804880291223526 0.921951174736023 
0.24775081872940063 0.7522491812705994 
0.16117016971111298 0.8388298153877258 
0.01802639476954937 0.9819735884666443 
0.10248873382806778 0.8975112438201904 
0.08324500173330307 0.9167550206184387 
0.056616224348545074 0.9433837532997131 
0.37024766206741333 0.6297523379325867 
0.16757169365882874 0.8324282765388489 
0.8200907707214355 0.17990922927856445 
0.2637752294540405 0.7362247705459595 
0.3056187629699707 0.6943812370300293 
0.16382603347301483 0.836173951625824 
0.43077224493026733 0.5692277550697327 
0.12771739065647125 0.8722826242446899 
0.2706123888492584 0.729387640953064 
0.11470697820186615 0.8852930068969727 
0.7538993954658508 0.24610060453414917 
0.2627229392528534 0.7372770309448242 
0.2668423652648926 0.7331576347351074 
0.9659306406974792 0.03406934067606926 
0.36722472310066223 0.6327752470970154 
0.7483676671981812 0.25163233280181885 
0.40920913219451904 0.590790867805481 
0.8809561729431152 0.11904381215572357 
0.0002537702093832195 0.9997462034225464 
0.9899113774299622 0.010088610462844372 
0.15687677264213562 0.8431232571601868 
0.32144254446029663 0.6785574555397034 
0.18030667304992676 0.8196933269500732 
0.3839433193206787 0.6160566806793213 
0.37163230776786804 0.6283677220344543 
0.15770506858825684 0.8422949314117432 
0.1769532412290573 0.8230467438697815 
0.2967643141746521 0.7032356858253479 
0.0068543157540261745 0.9931457042694092 
0.002598971826955676 0.9974009990692139 
0.2726309895515442 0.7273690104484558 
0.02909436635673046 0.9709056615829468 
0.0260538961738348 0.9739460945129395 
0.48508110642433167 0.5149189233779907 
0.4582008421421051 0.5417991280555725 
0.0010059946216642857 0.998993992805481 
0.14433754980564117 0.85566246509552 
0.07410058379173279 0.9258994460105896 
0.4726611375808716 0.5273388624191284 
0.0007726276526227593 0.9992273449897766 
0.0007726276526227593 0.9992273449897766 
0.09652835130691528 0.9034716486930847 
0.1162537932395935 0.8837462067604065 
3.5186010336474283e-06 0.9999964833259583 
0.04046846181154251 0.9595315456390381 
0.0051072440110147 0.9948927760124207 
0.36599093675613403 0.634009063243866 
0.039177607744932175 0.9608224034309387 
0.12982459366321564 0.8701754212379456 
0.2694408893585205 0.7305591106414795 
0.7428331971168518 0.2571668028831482 
0.0779198408126831 0.9220801591873169 
0.017779333516955376 0.9822206497192383 
0.0020785091910511255 0.9979214668273926 
0.026185696944594383 0.9738143086433411 
0.05990530177950859 0.9400947093963623 
0.0007726276526227593 0.9992273449897766 
0.04352310672402382 0.9564768671989441 
0.020224679261446 0.9797753095626831 
6.679654325125739e-05 0.9999331831932068 
0.00044419823097996414 0.9995558261871338 
0.023444199934601784 0.9765558242797852 
0.13964025676250458 0.8603597283363342 
0.029399173334240913 0.9706008434295654 
0.041053228080272675 0.9589467644691467 
0.023444199934601784 0.9765558242797852 
0.007710576523095369 0.9922894239425659 
0.026641933247447014 0.9733580946922302 
0.239083930850029 0.7609160542488098 
0.012551472522318363 0.987448513507843 
0.005739137530326843 0.994260847568512 
0.002238956280052662 0.997761070728302 
0.1999235451221466 0.800076425075531 
0.0027141126338392496 0.9972859025001526 
0.12062681466341019 0.8793731927871704 
0.005371541250497103 0.9946284294128418 
0.043353088200092316 0.9566469192504883 
0.24876441061496735 0.7512356042861938 
0.1977449506521225 0.8022550344467163 
4.38038696302101e-05 0.9999561905860901 
0.11418256163597107 0.8858174681663513 
0.0007726276526227593 0.9992273449897766 
0.3417603671550751 0.6582396030426025 
0.041213441640138626 0.9587865471839905 
4.4348471419652924e-05 0.9999556541442871 
0.2294154167175293 0.7705845832824707 
4.366868961369619e-05 0.9999563097953796 
0.4638814628124237 0.5361185669898987 
0.008780213072896004 0.9912197589874268 
0.0004518006753642112 0.9995481967926025 
0.38636186718940735 0.613638162612915 
0.3632919490337372 0.6367080807685852 
0.1054396778345108 0.8945603370666504 
0.41032496094703674 0.5896750092506409 
0.6675487756729126 0.3324512243270874 
0.004983881954103708 0.9950160980224609 
0.5328665971755981 0.46713340282440186 
0.24832609295845032 0.7516738772392273 
0.19535477459430695 0.8046452403068542 
0.9939442276954651 0.006055782549083233 
0.09695633500814438 0.9030436873435974 
0.9749828577041626 0.025017116218805313 
0.9479924440383911 0.052007559686899185 
0.950943112373352 0.04905686154961586 
0.1623978465795517 0.8376021385192871 
0.08691773563623428 0.9130822420120239 
0.7233339548110962 0.2766660451889038 
0.6402601003646851 0.35973989963531494 
0.5435038208961487 0.4564961791038513 
0.16484376788139343 0.835156261920929 
0.05862639844417572 0.9413735866546631 
0.9347095489501953 0.0652904361486435 
0.4989396929740906 0.5010603070259094 
0.28120240569114685 0.7187975645065308 
0.0003247580025345087 0.9996752142906189 
0.013208860531449318 0.9867911338806152 
0.17121925950050354 0.8287807106971741 
0.3849680423736572 0.6150319576263428 
0.25152587890625 0.74847412109375 
0.6320365071296692 0.3679634928703308 
0.6367019414901733 0.36329808831214905 
0.7951642274856567 0.20483577251434326 
0.7120859622955322 0.2879140377044678 
0.5316838026046753 0.4683161973953247 
0.0540253221988678 0.9459746479988098 
0.0901196151971817 0.9098803997039795 
0.25436586141586304 0.745634138584137 
0.48775649070739746 0.5122435092926025 
0.06274249404668808 0.9372575283050537 
0.21974292397499084 0.7802570462226868 
0.041433271020650864 0.9585667252540588 
0.25327372550964355 0.7467262744903564 
0.15766669809818268 0.8423333168029785 
0.5805845260620117 0.41941550374031067 
0.00824760366231203 0.9917523860931396 
0.04600779712200165 0.9539921879768372 
0.19692224264144897 0.803077757358551 
0.4363020360469818 0.5636979937553406 
6.159557869978016e-06 0.9999938607215881 
0.72737056016922 0.27262941002845764 
0.45321306586265564 0.546786904335022 
0.003478521481156349 0.9965214729309082 
0.01080396119505167 0.9891960620880127 
0.01510766614228487 0.9848923087120056 
0.04400714486837387 0.9559928774833679 
0.821835994720459 0.17816400527954102 
0.01991005428135395 0.9800899624824524 
0.00045689500984735787 0.9995431303977966 
0.014975511468946934 0.9850245118141174 
0.07532504200935364 0.9246749877929688 
0.0022632095497101545 0.9977368116378784 
0.0 1.0 
0.0029966088477522135 0.9970033764839172 
0.0044664121232926846 0.9955335855484009 
0.0024325705599039793 0.9975674152374268 
0.03706751763820648 0.9629324674606323 
0.0006507458165287971 0.9993492364883423 
0.06711627542972565 0.9328837394714355 
0.06116091087460518 0.9388390779495239 
0.04622504487633705 0.9537749290466309 
0.04518283158540726 0.9548171758651733 
0.0005272306152619421 0.9994727969169617 
0.0015885388711467385 0.9984114766120911 
0.004241087473928928 0.9957588911056519 
0.023458583280444145 0.9765413999557495 
0.017903003841638565 0.9820969700813293 
0.06436710804700851 0.9356328845024109 
0.02231406792998314 0.9776859283447266 
0.18158915638923645 0.8184108734130859 
0.005703919101506472 0.9942960739135742 
0.0023779473267495632 0.9976220726966858 
0.1569017618894577 0.8430982232093811 
0.018201634287834167 0.9817983508110046 
0.017844049260020256 0.982155978679657 
0.14760181307792664 0.852398157119751 
0.04091394692659378 0.9590860605239868 
4.7016451389936265e-06 0.9999952912330627 
0.036074161529541016 0.963925838470459 
0.0018159844912588596 0.9981840252876282 
0.02202407643198967 0.9779759049415588 
0.037266362458467484 0.9627336263656616 
7.146138159441762e-06 0.999992847442627 
5.422311915026512e-06 0.9999945759773254 
0.16917617619037628 0.8308238387107849 
0.0843731015920639 0.9156268835067749 
0.04092683270573616 0.9590731859207153 
0.023343972861766815 0.9766560196876526 
0.09539511054754257 0.9046049118041992 
0.3524877429008484 0.6475122570991516 
0.12983421981334686 0.8701657652854919 
0.15736696124076843 0.8426330089569092 
0.01837884820997715 0.9816211462020874 
3.0110825832707633e-07 0.9999997019767761 
0.49832382798194885 0.5016761422157288 
0.05611756816506386 0.943882405757904 
0.0022362906020134687 0.9977636933326721 
0.0011577003169804811 0.9988422989845276 
0.00911039486527443 0.9908896088600159 
0.04003656283020973 0.9599634408950806 
0.009110584855079651 0.9908894300460815 
0.007114802952855825 0.992885172367096 
0.0774279236793518 0.9225720763206482 
0.002266222145408392 0.9977337718009949 
0.006541690789163113 0.9934583306312561 
0.12993238866329193 0.8700675964355469 
0.035699546337127686 0.9643004536628723 
0.04070872440934181 0.9592912793159485 
0.0053325314074754715 0.9946674704551697 
0.018320588394999504 0.9816794395446777 
0.16703425347805023 0.8329657316207886 
0.04432310536503792 0.9556769132614136 
0.18699918687343597 0.8130007982254028 
0.03240557387471199 0.9675944447517395 
0.12881053984165192 0.8711894750595093 
0.0037983113434165716 0.9962016940116882 
0.05862830579280853 0.9413716793060303 
0.0013191403122618794 0.998680830001831 
0.021875908598303795 0.9781240820884705 
0.0007726276526227593 0.9992273449897766 
0.07129056751728058 0.9287094473838806 
0.17902827262878418 0.8209717273712158 
0.002870335476472974 0.9971296787261963 
0.12993238866329193 0.8700675964355469 
0.04991009086370468 0.9500899314880371 
0.05709126219153404 0.942908763885498 
0.09503375738859177 0.9049662351608276 
0.011051962152123451 0.9889480471611023 
0.2751457393169403 0.7248542308807373 
0.009443482384085655 0.990556538105011 
0.1163792684674263 0.8836207389831543 
0.12225425243377686 0.8777457475662231 
0.049881212413311005 0.9501187801361084 
0.36436349153518677 0.6356365084648132 
0.04751386493444443 0.9524861574172974 
0.1149643212556839 0.8850356936454773 
0.049881212413311005 0.9501187801361084 
0.138107568025589 0.8618924021720886 
0.13199590146541595 0.8680040836334229 
0.309126079082489 0.690873920917511 
0.1726045459508896 0.8273954391479492 
0.0007726276526227593 0.9992273449897766 
0.05074089393019676 0.9492591023445129 
0.0007726276526227593 0.9992273449897766 
0.8400588035583496 0.1599411964416504 
0.8095576763153076 0.19044233858585358 
0.03878238424658775 0.9612176418304443 
0.7214697599411011 0.27853021025657654 
0.19116680324077606 0.8088331818580627 
0.8947263956069946 0.10527360439300537 
0.0007726276526227593 0.9992273449897766 
0.7590367794036865 0.24096322059631348 
0.007793479133397341 0.9922065138816833 
0.899983823299408 0.10001617670059204 
0.9170449376106262 0.08295506983995438 
0.6038656830787659 0.39613431692123413 
0.45179593563079834 0.5482040643692017 
0.3658275306224823 0.6341724991798401 
0.783919095993042 0.2160809189081192 
0.5514122843742371 0.44858771562576294 
0.11752361059188843 0.8824763894081116 
0.4996618330478668 0.5003381967544556 
0.9228551387786865 0.07714488357305527 
0.2989649474620819 0.7010350823402405 
0.8059560060501099 0.19404397904872894 
0.8958337903022766 0.10416623950004578 
0.1418156623840332 0.8581843376159668 
0.8889389038085938 0.11106110364198685 
0.2131120264530182 0.7868879437446594 
0.0024440132547169924 0.9975559711456299 
0.2592878043651581 0.7407122254371643 
0.1927097886800766 0.8072901964187622 
0.8658315539360046 0.13416843116283417 
0.7521860599517822 0.24781392514705658 
4.064105269208085e-06 0.9999959468841553 
0.0001589394814800471 0.999841034412384 
0.004441770724952221 0.9955582022666931 
0.01045929454267025 0.989540696144104 
0.08260182291269302 0.9173981547355652 
0.023066043853759766 0.9769339561462402 
0.08508051931858063 0.9149194955825806 
0.010140912607312202 0.9898591041564941 
0.023676373064517975 0.9763236045837402 
0.006236319430172443 0.9937636852264404 
0.02202407643198967 0.9779759049415588 
0.008057782426476479 0.9919422268867493 
0.042404331266880035 0.9575956463813782 
0.0037027238868176937 0.996297299861908 
0.13329900801181793 0.8667010068893433 
2.515587220841553e-05 0.9999748468399048 
0.02231406792998314 0.9776859283447266 
0.0009631728753447533 0.9990368485450745 
0.23175111413002014 0.7682489156723022 
0.0013236822560429573 0.9986763000488281 
6.335907301036059e-07 0.9999993443489075 
0.017015375196933746 0.9829846024513245 
0.0029066617134958506 0.9970933198928833 
0.01707405410706997 0.9829259514808655 
0.031860560178756714 0.9681394100189209 
0.18780376017093658 0.8121962547302246 
0.009277730248868465 0.9907222986221313 
0.00790967047214508 0.9920903444290161 
2.8206761271576397e-05 0.9999718070030212 
0.04100830852985382 0.9589917063713074 
8.660619641887024e-05 0.9999133944511414 
0.0443447008728981 0.9556552767753601 
0.023659491911530495 0.9763405323028564 
3.1829599720367696e-06 0.9999968409538269 
0.02256348542869091 0.9774365425109863 
3.228025434509618e-06 0.9999967813491821 
0.6882791519165039 0.3117208182811737 
0.1726045459508896 0.8273954391479492 
0.03849261999130249 0.9615073800086975 
0.5851502418518066 0.41484972834587097 
0.008890111930668354 0.9911099076271057 
0.0009650490828789771 0.9990349411964417 
0.9053069353103638 0.09469308704137802 
0.9053069353103638 0.09469308704137802 
0.0323944129049778 0.9676055908203125 
0.8537490367889404 0.14625097811222076 
0.0016506165266036987 0.9983493685722351 
0.034730181097984314 0.9652698040008545 
0.25770002603530884 0.7422999739646912 
0.007803163956850767 0.9921968579292297 
0.21757830679416656 0.7824217081069946 
0.006816044915467501 0.993183970451355 
0.006918169092386961 0.99308180809021 
0.009140901267528534 0.9908590912818909 
0.6706185340881348 0.32938146591186523 
0.029416635632514954 0.9705833792686462 
0.8089281916618347 0.19107182323932648 
0.12993238866329193 0.8700675964355469 
0.30884310603141785 0.6911569237709045 
0.17199793457984924 0.8280020952224731 
0.177033931016922 0.8229660391807556 
0.011763454414904118 0.9882365465164185 
0.050167012959718704 0.9498329758644104 
0.2666836082935333 0.7333164215087891 
0.1906052976846695 0.8093947172164917 
0.029416635632514954 0.9705833792686462 
0.3454633951187134 0.6545366048812866 
0.00087687314953655 0.9991231560707092 
0.00045543594751507044 0.9995445609092712 
0.13976886868476868 0.8602311015129089 
0.010813729837536812 0.9891862869262695 
0.003443636931478977 0.9965563416481018 
0.18486858904361725 0.815131425857544 
0.17199793457984924 0.8280020952224731 
0.04999230057001114 0.9500076770782471 
0.9154725670814514 0.08452743291854858 
0.12828166782855988 0.8717183470726013 
0.006591901183128357 0.9934080839157104 
0.065123051404953 0.9348769783973694 
0.032413411885499954 0.9675865769386292 
0.08885159343481064 0.9111484289169312 
0.25077852606773376 0.7492215037345886 
0.3800695836544037 0.6199304461479187 
1.6798750948510133e-05 0.9999831914901733 
0.03714822605252266 0.9628517627716064 
0.023676373064517975 0.9763236045837402 
0.015961166471242905 0.9840388298034668 
0.013434048742055893 0.9865659475326538 
0.0004114795883651823 0.9995885491371155 
0.11570040136575699 0.8842995762825012 
0.0009501146851107478 0.9990499019622803 
0.013842887245118618 0.9861571192741394 
0.010209435597062111 0.9897905588150024 
0.002111820038408041 0.9978882074356079 
0.0014113688375800848 0.9985886216163635 
0.00045000750105828047 0.9995499849319458 
0.12859293818473816 0.8714070320129395 
0.0015002698637545109 0.9984997510910034 
0.06229794770479202 0.9377020597457886 
0.13329900801181793 0.8667010068893433 
0.2683297395706177 0.7316702604293823 
0.0006221561343409121 0.9993778467178345 
0.07537372410297394 0.9246262907981873 
0.0692780464887619 0.9307219386100769 
0.00028023129561915994 0.9997197389602661 
0.4823915958404541 0.5176084041595459 
0.013434048742055893 0.9865659475326538 
0.031860560178756714 0.9681394100189209 
0.0006614449666813016 0.9993385672569275 
0.00018046780314762145 0.9998195171356201 
0.00126527133397758 0.998734712600708 
0.042551107704639435 0.9574488997459412 
0.005752280354499817 0.9942477345466614 
0.0007726276526227593 0.9992273449897766 
0.26764973998069763 0.73235023021698 
0.11321970075368881 0.886780321598053 
0.7860357761383057 0.21396423876285553 
0.05339226871728897 0.9466077089309692 
0.008171113207936287 0.9918288588523865 
0.007695701438933611 0.9923043251037598 
0.020265007391572 0.9797350168228149 
0.2809024155139923 0.7190975546836853 
0.2744813561439514 0.7255186438560486 
0.12859293818473816 0.8714070320129395 
0.044288184493780136 0.955711841583252 
3.0110825832707633e-07 0.9999997019767761 
0.00043787230970337987 0.99956214427948 
0.0007726276526227593 0.9992273449897766 
0.13202929496765137 0.8679707050323486 
0.12859293818473816 0.8714070320129395 
0.00915222242474556 0.9908477663993835 
0.044715382158756256 0.955284595489502 
0.01420784555375576 0.9857921600341797 
0.011529252864420414 0.988470733165741 
0.017869004979729652 0.9821310043334961 
6.154333709318394e-10 1.0 
3.64833603327952e-08 0.9999999403953552 
0.009353406727313995 0.9906466007232666 
0.004975940566509962 0.9950240850448608 
0.01111964788287878 0.9888803362846375 
0.07047330588102341 0.929526686668396 
0.11382333934307098 0.8861766457557678 
0.0002447932492941618 0.9997552037239075 
0.1253216415643692 0.874678373336792 
6.474432101555294e-11 1.0 
0.0 1.0 
0.07759637385606766 0.9224036335945129 
0.0490635484457016 0.9509364366531372 
0.16040173172950745 0.8395982384681702 
0.043094150722026825 0.9569058418273926 
0.1887623518705368 0.811237633228302 
0.18921585381031036 0.8107841610908508 
4.954412702318223e-07 0.9999995231628418 
0.002369682537391782 0.9976302981376648 
0.035678569227457047 0.9643214344978333 
0.08627688884735107 0.9137231111526489 
0.10046002268791199 0.8995400071144104 
0.013652385212481022 0.9863476157188416 
0.4046829640865326 0.5953170657157898 
0.0018838949035853148 0.9981160759925842 
0.11521092802286148 0.8847890496253967 
0.0014153968077152967 0.9985846281051636 
0.17525552213191986 0.824744462966919 
0.0031358343549072742 0.9968641400337219 
0.02793247066438198 0.9720675349235535 
0.004703822545707226 0.9952961802482605 
0.03796271234750748 0.9620372653007507 
1.7028777476654766e-12 1.0 
0.006028134375810623 0.9939718842506409 
0.011373401619493961 0.9886265993118286 
0.023772412911057472 0.9762275815010071 
0.22841376066207886 0.7715862393379211 
0.16871681809425354 0.8312832117080688 
0.4102262854576111 0.5897737145423889 
0.2620663642883301 0.7379336357116699 
0.12036564201116562 0.8796343803405762 
0.048095300793647766 0.9519047141075134 
0.004703822545707226 0.9952961802482605 
0.47083809971809387 0.5291619300842285 
0.015363710932433605 0.9846363067626953 
0.10002171248197556 0.8999782800674438 
0.04292568936944008 0.9570742845535278 
0.2826336622238159 0.7173663377761841 
0.03363870829343796 0.9663612842559814 
0.06824160367250443 0.9317584037780762 
0.12562470138072968 0.8743752837181091 
0.0020586878526955843 0.9979413151741028 
0.12385906279087067 0.8761409521102905 
0.17849619686603546 0.8215038180351257 
8.3193153841421e-06 0.9999916553497314 
0.011314175091683865 0.9886858463287354 
0.47083809971809387 0.5291619300842285 
0.07263804972171783 0.9273619651794434 
0.8587890267372131 0.14121097326278687 
0.9079678654670715 0.09203212708234787 
0.8540440201759338 0.14595597982406616 
0.5068964958190918 0.4931035339832306 
0.3938572108745575 0.6061428189277649 
0.8663128614425659 0.1336871236562729 
0.7858352065086365 0.21416480839252472 
0.04388267546892166 0.9561173319816589 
0.8199024796485901 0.18009750545024872 
0.8448215126991272 0.1551784723997116 
0.0007726276526227593 0.9992273449897766 
0.8216327428817749 0.1783672422170639 
0.7498176097869873 0.2501823604106903 
0.3196220099925995 0.6803780198097229 
0.9255773425102234 0.07442265748977661 
0.2726542055606842 0.7273457646369934 
0.08887277543544769 0.9111272096633911 
0.12944544851779938 0.8705545663833618 
0.12842172384262085 0.8715782761573792 
0.13723668456077576 0.8627632856369019 
0.8910204768180847 0.10897951573133469 
0.06666548550128937 0.9333345293998718 
0.006053297780454159 0.9939467310905457 
3.704114348579424e-08 0.9999999403953552 
0.5196141004562378 0.4803858995437622 
