22.5661422548 113.980836778
22.6862052599 113.940525211
22.5765118283 113.957198004
22.5648408103 114.244571093
22.5588877511 113.950722666
22.5589990603 114.241317402
22.549003713 113.972259697
22.5627735077 113.956573538
22.5000119234 113.895660568
22.5437860996 113.923977804
22.5248636906 113.930859555
22.5190870007 113.935843611
22.5479724311 113.977909039
22.5061687131 113.93142844
22.4996256609 113.936514494
22.5403214152 113.923645599
22.5245541889 113.924731902
22.4981900986 113.898481738
22.5460394638 113.974968421
22.4977289202 113.937337701
22.494162467 113.927139031
22.5159201165 113.935676888
22.5157856774 113.942055747
22.5422096257 114.019649277
22.5445896136 113.998660085
22.4930831268 113.935839142
22.5248894877 113.919142923
22.5480858154 113.945311875
22.5647073449 113.982009251
22.5819344788 114.156395293
22.5429361051 114.131407227
22.5239495361 113.943441615
22.5510130546 113.956744571
22.5829932951 114.147122732
22.5492701346 114.131744698
22.5259613414 113.935399271
22.7563792953 114.042135611
22.6414407061 114.422742132
22.711660072 114.072883627
22.6064932325 114.124153601
22.662299711 114.072996897
22.6353982807 114.226377186
22.7380284355 114.264097001
22.6255834839 114.154966376
22.6526549644 114.027229172
22.7889219689 113.896632666
22.7010356427 114.244292079
22.6315405076 114.121492818
22.641714797 114.195532954
22.6894033552 114.345418822
22.6301004228 114.063832661
22.6639167292 114.071717684
22.7506640039 114.378843
22.7227256081 114.073801635
22.6413803216 114.229981803
22.7764075422 114.309587841
22.5870653357 113.905761365
22.6933957056 114.147487354
22.6040496992 114.058613752
22.6376364 114.067916209
22.6578852115 114.074772256
22.6178181689 114.157260802
22.6414407061 114.422742132
22.7813987573 114.300806526
22.7229412237 114.277715602
22.6747071093 114.220933261
22.6628381444 114.026397428
22.6577697242 114.079493396
22.656913274 114.210092792
22.7385903883 113.818449251
22.7163633127 114.322257003
22.5233140085 114.046638583
22.6530142207 114.212454874
22.5331754026 114.083134155
22.5995590516 114.130362977
22.6502783684 113.936624149
22.7378203776 114.285890066
22.7385903883 113.818449251
22.7430010932 113.995040148
22.6349541735 114.044819585
22.7513933784 114.02623991
22.6155646326 114.152415879
22.6844700634 114.000085032
22.6651428009 114.020001902
22.6933155163 113.81707837
22.7560020308 113.851361212
22.7333561925 113.831291899
22.7778578024 113.917004348
22.7059717485 113.807995424
22.7046649683 113.972689897
22.6520496099 114.053593678
22.7213341121 114.061619588
22.6800886065 113.834786135
22.7087497448 113.816054302
22.6076697884 113.868531175
22.7271036717 114.061381858
22.6795558911 113.832938493
22.6750977314 113.822362024
22.7333561925 113.831291899
22.6117750789 114.038058742
22.7300665719 114.066647673
22.6523537636 113.929912549
22.7136525651 114.06523746
22.5607343075 113.890077897
22.6734335277 113.825705158
22.5915549766 114.125910235
22.6705219974 113.92356108
22.7003870654 113.844902563
22.563503606 113.906894769
22.7074327931 113.930013136
22.6335574973 113.851360435
22.5641925132 113.896166355
22.669192669 114.038411728
22.5962807681 113.85506277
22.6851882278 113.811567536
22.7070081399 114.096776551
22.7303490035 114.068783
22.6076110049 113.869894333
22.5848807593 113.91327495
22.5609901044 113.89456298
22.735651781 114.280464023
22.5819431421 113.888016568
22.5829728906 113.907183429
22.541389541 113.919110416
22.7704017693 113.855116111
23.1676903546 113.665172813
23.1654980452 113.38759006
23.1593359975 113.338711284
23.1687891456 113.419959773
23.1284929476 113.350618569
23.1307022473 113.416260869
23.1382207894 113.389486699
23.1861168488 113.597485672
23.1240189592 113.411547027
23.1381658955 113.372836113
23.1996730122 113.406847
23.1224808721 113.361124926
23.2001391479 113.374908953
23.1012502167 113.54843665
23.1248664644 113.561445342
23.1087118142 113.492884574
23.1243156395 113.408115078
23.167514384 113.337954403
23.1354420411 113.390007969
23.1368057685 113.331549453
23.1159303247 113.420489087
23.161894067 113.343334634
23.1097973946 113.453448444
23.1097580893 113.453481189
23.1909047342 113.449201702
23.1087118142 113.492884574
23.099828219 113.484963505
23.0797894314 113.42974498
23.1181011943 113.544217137
23.1087118142 113.492884574
23.1011247274 113.487241158
23.1487229407 113.515291377
23.0479763966 113.289293329
23.1111406826 113.27824086
22.9345907958 113.41679953
23.396908625 113.347511423
23.0913807066 113.531677147
23.2156529919 113.300569151
22.9609932512 113.442775215
23.2128091257 113.256333075
23.294514083 113.331306286
23.2374577141 113.204265311
23.3718457593 113.360399253
23.3862789523 113.410598974
23.2577840627 113.319993212
23.080291318 113.2042061
23.2128091257 113.256333075
23.2523133872 113.264093641
23.2617120579 113.273631744
23.1965714623 113.248217962
23.2337631724 113.223460706
22.6049597071 113.857589591
22.7503426275 113.583522614
23.1129579631 113.218596106
23.1317590111 113.275758
23.1404538961 113.288511875
23.1288238498 113.422445467
23.1381658955 113.372836113
23.1353430364 113.303714558
23.1441611874 113.293760884
23.1350887199 113.308793344
23.1291226806 113.3502696
23.1355991942 113.350753117
22.8914003693 113.463408611
23.1324472006 113.339825713
23.1378221907 113.391320725
23.1370846779 113.334185837
23.1996540489 113.347128722
23.1628186803 113.418328011
23.1621334712 113.336242477
23.1745217883 113.35904389
23.1396300112 113.373441
22.829260757 113.512806615
22.7740343385 113.563484892
22.7609687422 113.567051785
23.0687326582 113.259724537
23.380438537 113.214808317
23.0683224426 113.259826044
22.8066172364 113.553841125
22.8080831187 113.554093517
22.8075467028 113.552166167
22.7515565255 113.582300594
22.7372249571 113.493320019
22.7514939634 113.583011168
23.1087118142 113.492884574
23.1438110113 113.225977
23.4523133173 113.186503206
23.3387320145 113.287509
23.4663327934 113.159491968
23.1421736667 113.225830285
23.3747757724 113.178884765
23.4707976951 113.162317293
23.1369726166 113.251180513
23.4567319436 113.281831123
23.3928644657 113.216877071
23.4594832742 113.190665542
22.7102301706 113.552891213
23.4668974376 113.156847691
23.3948402819 113.221447149
23.3388714433 113.111064902
23.4739306979 113.228661762
23.415362496 113.255981177
23.3962014611 113.214823185
23.4049935441 113.218564358
23.0756222678 113.288290696
23.3724341707 113.207607097
23.4258311728 113.208056767
23.3984107825 113.251530697
23.3895943665 113.209449234
23.4038021497 113.20909084
23.3950883145 113.209232887
23.0969280105 113.239735
23.408412809 113.212755376
23.0918714635 113.337875769
23.3948402819 113.221447149
23.0953786447 113.340585953
23.4064905563 113.169637572
23.1002261379 113.272654115
23.1140539351 113.26816227
23.4260402552 113.205743563
23.0914437936 113.361995205
23.0725067757 113.323263141
23.0987470301 113.314500059
23.0922354402 113.361821054
23.0922576316 113.309217218
23.0781382752 113.356352889
23.0720749508 113.357390648
23.0868626907 113.332467287
23.0934910827 113.27926642
23.0888786541 113.328379782
23.0869086308 113.343204463
23.0876292288 113.333841266
23.068847327 113.322619934
23.0140365266 113.399594747
23.0830827873 113.339986288
23.0479763966 113.289293329
23.0923158176 113.33379701
22.9410407428 113.364357668
23.0960712672 113.321480991
23.0191955714 113.325271269
22.8145923966 113.419107834
22.9663956802 113.418650592
22.9345907958 113.41679953
22.9910604358 113.40524473
22.9617871363 113.44203824
22.8899279281 113.461447492
23.0217001616 113.357449441
22.8100654032 113.414159873
23.0074313211 113.320175523
22.9419492749 113.371203549
22.9442835155 113.404493207
22.9648193856 113.356580511
22.9345907958 113.41679953
22.9803507143 113.322274897
22.9570529358 113.423847298
22.9685945194 113.408129595
22.9545449203 113.345148219
22.9226513421 113.375490234
22.9422816695 113.360442102
22.9532139767 113.365905849
22.9543575536 113.368049181
22.9677616003 113.404437698
22.9541090079 113.358418
22.940012021 113.360734032
23.0539947236 113.269913812
22.9428917948 113.360686171
23.5552806571 113.598866296
22.9454816135 113.403309241
22.9695087865 113.382774252
23.5634113272 113.580384782
23.625476282 113.431395571
23.8783980647 113.539711365
23.7231177316 113.739427046
23.5603869306 113.601878163
23.5443598587 113.592683288
23.5445699394 113.592693396
23.5507963622 113.596300622
23.81610767 113.95792944
23.5496608594 113.592775573
23.2315862158 113.264376445
23.5565433532 113.594663987
23.5509090173 113.602251
23.451655229 113.284509235
23.2141768895 113.283053119
23.3433234672 113.301252962
23.5584065115 113.589514391
23.2410397885 113.311197191
23.1726853609 113.282908079
23.1791674407 113.257907351
23.2290590128 113.274368
23.1991462436 113.259458633
23.2137540703 113.284813629
23.2539606232 113.315781945
23.2138522396 113.250263999
23.2169617302 113.286259612
23.294514083 113.331306286
23.2418876587 113.27707151
23.2422595226 113.311166428
23.183650316 113.233460307
23.1990704509 113.238775254
23.2370947579 113.283780708
23.1871881251 113.336698121
23.2203504832 113.249281992
23.2184431226 113.233372521
23.2127790884 113.264933811
23.2278329763 113.309807315
23.178015961 113.246117779
23.2205046445 113.282637919
23.1862330842 113.236325835
23.294514083 113.331306286
23.1589895713 113.227692633
23.2139486173 113.281015001
23.1788683821 113.248234671
23.218721619 113.23230531
23.2179401249 113.236867506
23.294514083 113.331306286
23.2315862158 113.264376445
23.2315970128 113.283057
23.1533451694 113.239681806
23.2127106445 113.264474386
23.2213710444 113.236085548
23.1728152741 113.322414943
23.2063652155 113.335895625
23.236371647 113.27956604
23.1953868141 113.241070252
23.2262087622 113.309597291
23.1570952031 113.229730925
23.1618569962 113.267647183
23.1564503765 113.254936298
22.638999062 114.067579306
22.519243522 113.919528084
22.6705773556 113.873589423
22.5878132063 113.9729021
22.572046526 114.118813432
22.5824326423 113.959148611
22.6800886065 113.834786135
22.5635259004 113.989355616
23.0121795664 113.397404768
22.6873086956 113.945959702
23.2177188983 113.235560013
23.2737321369 113.301097836
23.3008098154 113.362141774
23.2617227072 113.278165851
22.5460535462 114.025973657
23.143117215 113.225451178
23.3004294991 113.36212155
23.1992475926 113.334818027
23.0970508132 113.658152432
23.1292895502 113.660440161
22.6415353447 114.071911743
23.0309814251 113.315793623
22.9798450837 113.321245349
23.132066753 113.27498358
23.1297490769 113.275203798
22.9626785886 113.445589757
23.1285800369 113.301162221
23.1424679663 113.300500024
23.1824607137 113.349796553
22.7766539601 113.593355832
22.6494630437 113.612984886
23.1389117584 113.327461285
23.1238289704 113.329808547
22.8083933706 113.553916809
23.1441611874 113.293760884
22.8277143536 113.521871139
23.1356204334 113.304810723
23.1274264342 113.258166228
23.4466609971 113.220175512
23.0806820395 113.275790384
23.4743092941 113.163008025
23.1201140109 113.253472
23.4418427445 113.328650207
23.3780329453 113.256925866
23.4422022951 113.330027903
23.4032988937 113.239851353
23.4311596869 113.425450544
23.0303004947 113.314598834
22.974790862 113.329363505
23.0133503923 113.395322941
22.8899279281 113.461447492
22.8422447705 113.345076749
23.4644497271 113.17289253
23.0276837498 113.317861522
22.97556192 113.497229597
22.8399689197 113.349896587
22.912291146 113.350763624
23.0274921446 113.320897654
22.9505863015 113.360998993
22.9728433413 113.335408753
22.9609932512 113.442775215
22.9628339453 113.406359712
22.9537741327 113.406340583
23.5419698534 113.597955232
22.9429413697 113.406527119
22.89445321 113.40966352
23.0161960097 113.33149914
23.1565594828 113.214927948
22.9564903005 113.375699551
23.553666715 113.595113187
23.2988137458 113.362942086
23.4545743427 113.49830444
23.2516148006 113.292355934
23.2811907548 113.237639583
23.5532427965 113.595383667
23.258400638 113.29997626
23.5538084333 113.595332846
23.2071763292 113.264351529
23.2205046445 113.282637919
23.2177287604 113.273663976
23.4580336556 113.186915349
23.3754397964 113.21346378
23.4748428748 113.190817204
23.4729018889 113.170094291
23.4684162918 113.161180117
22.5261987628 113.989221103
22.5552812581 114.116091332
22.7228646082 114.244500689
22.5677825312 114.178127474
22.5638244436 113.990763436
22.6315777017 114.123302634
22.6815574126 113.946203836
22.5470051749 114.111156286
22.5493806296 114.050217665
22.5342988047 114.031744934
22.5787279785 114.493609587
22.6404087153 114.043871991
22.733832209 113.831527302
22.7856717283 113.900408873
22.7724830477 113.853852034
22.7404093434 113.789079515
22.6614932965 114.027289855
23.4663327934 113.159491968
22.5819774593 113.887926801
22.8051790039 113.562851528
22.7052890345 114.140315372
23.1909642166 113.333153377
22.5239495361 113.943441615
23.0978520176 113.305791528
22.5271284916 114.053908803
22.546603045 114.104955103
22.5751764355 114.144938592
22.5684783991 113.900111176
22.5382641985 114.065868116
23.138756107 113.328810273
23.1433909799 113.601178906
23.1200324874 113.289060621
23.1354253192 113.303767691
23.1643204373 113.243143347
23.1258531131 113.412053886
23.1260611996 113.332338938
23.1526315749 113.331979797
23.1284220022 113.411186845
23.1884559695 113.271628399
22.9429569541 113.393421647
23.0945011126 113.266406831
23.1967696625 113.270313368
23.0056958366 113.124366095
23.0449075056 113.788434186
23.0327255181 113.120130017
23.0062112801 113.124130949
22.7775913936 113.75168128
22.7210375151 114.179051768
22.8123049142 114.172988181
22.8010730046 113.761810573
23.031223193 113.12079719
23.0559517081 113.871321006
22.9169247082 113.64330261
22.8773995768 114.127590783
23.0648320643 113.797148631
23.0102541619 113.681719877
23.0615987634 113.662638304
23.0416214033 113.711922278
23.0854273134 113.693671167
22.8552256843 114.15349981
22.8054401831 113.823866506
22.8223278879 113.742463673
22.8509409792 114.166906114
22.8503093108 114.170890928
23.0056760349 113.707651898
23.062092544 113.826672992
22.8447841362 113.645469399
22.8517147667 113.631544854
22.8613970561 113.853997649
22.8196359913 113.803729101
22.7956613516 114.156533919
22.8056751375 113.790786495
23.0006485236 113.615440171
22.7824964256 113.763894855
22.9599826103 113.047410471
23.0147858347 113.685852854
22.7813971598 113.767262815
23.0517083437 113.84297111
22.9914280506 113.772501844
23.0782913464 113.798738434
23.0628645422 113.798758391
23.0553868991 113.770091056
22.8001634736 114.062761463
23.0484554136 113.549906052
22.8210452694 113.809035657
22.7958978995 113.797833497
23.0606086524 113.737400338
23.0178395431 113.823368606
23.0582848424 113.814796413
22.969364539 113.896613801
23.0146520621 113.76806763
22.99522565 113.800023322
23.0586652539 113.832168845
22.9874480584 113.725147041
22.9931322469 113.732371574
23.0287129725 113.804578898
22.9741748503 113.734588323
22.9413278534 113.676795108
22.8433968695 113.255757351
23.0616798514 113.810219858
23.1793488547 112.899403058
23.1745526562 113.068851325
23.1767775562 112.878402302
23.1694339717 112.907385715
23.2615298961 113.024751811
23.16865186 112.89381255
23.1632181205 112.914899704
23.0705795085 112.844540781
22.9042229182 112.90198257
23.0386685028 113.2034172
23.2030049779 113.171393135
23.1701889271 112.906063634
22.877942918 113.22655775
23.1882857509 113.205158376
23.117652603 113.177420842
23.14659839 113.110448529
23.1223276296 113.191485208
23.1673058448 112.902415982
23.1043540831 113.19912108
23.1858571842 113.092755152
23.0667704176 113.142195275
23.0440368254 112.921450878
22.8366157392 113.000031758
23.0070736517 113.008964018
22.9534378642 112.971287415
23.0782653875 113.041381326
23.1136000139 113.015288871
23.0386685028 113.2034172
23.0695963041 113.156188978
22.903113126 112.892336616
23.0636965079 113.135579081
22.910559565 112.884142465
23.0386304065 113.170454746
23.0657334258 113.132115299
23.1566635901 112.904940835
23.0705953201 113.0576611
23.0723987957 113.089683174
23.0379121697 113.156351582
22.8962453837 112.888328924
23.3355556593 113.307528712
23.0723987957 113.089683174
23.0681764741 112.97076346
23.0437280571 113.147041135
23.0396461884 113.154622039
22.987960074 113.017085873
23.0968614014 113.041882016
23.0147948093 113.165181582
22.8245226834 112.683258303
23.0411249226 113.137340154
23.0002230813 113.108061365
22.9011991118 112.885001155
23.0067591551 113.129028721
23.0348060378 113.088038588
23.0348960489 113.0901446
23.0057363854 112.970789907
23.0390570489 113.072597019
22.9408169212 113.062678085
23.0407652954 113.111573747
23.0387395974 113.10737209
23.004210166 113.070423195
23.0488614986 113.071886353
23.0342933072 113.064006672
23.0304158077 113.12142502
23.0208495012 113.139314775
22.9908324995 113.07231023
23.0263055575 113.140349119
23.0433406483 113.105616653
23.0299148276 113.05765947
23.0128103543 113.120232643
23.0451643289 113.121004643
23.0024026 113.065186929
23.0300435167 113.129865942
22.9145247356 113.676097509
22.8561568247 114.153990725
23.0094440005 113.092542767
22.9799456311 114.00208466
23.0103936003 113.146297253
23.0057602389 113.135566463
22.9436279752 113.675682633
23.0804329754 113.967819593
22.9322496902 113.940333895
22.793399591 114.160893619
22.8001848761 113.782689708
22.9789226839 113.956267034
22.8311081741 113.780171848
22.7283175843 114.196704295
22.7810824908 114.057401415
22.7963311816 114.063232639
22.8210452694 113.809035657
23.048837369 113.855765592
22.8197357594 113.809330216
22.9227701356 113.668950193
22.8387027978 113.706687858
23.031287734 113.833431231
22.9988913712 113.620642866
22.7920915008 114.10178808
22.9692111908 113.763837072
22.7678133747 114.042169118
23.0502978767 113.756615852
22.8188764004 113.677415476
22.8824543531 114.006817472
22.7406896029 114.166444924
22.9654733747 114.154279241
22.6979684233 114.178714154
22.9692050713 114.17415508
23.0350410632 113.856110741
23.0287453214 113.831151893
23.1021459843 113.803077114
23.0230261001 113.841660493
22.8442148547 114.174437867
23.0637715622 113.83461904
23.0284963037 113.848423024
22.8448561052 114.172808913
23.0263155096 113.842256655
22.8576093516 113.053125232
22.987960074 113.017085873
22.8485100848 113.187029877
22.8845984059 113.218275911
22.9138948968 113.224087823
22.9652963045 113.246073168
22.8785231192 113.05536228
22.8785231192 113.05536228
22.7099017276 113.168230689
23.009742055 113.085522755
22.8036306622 113.252398407
22.7203633425 113.155094249
22.8572715949 113.267790532
22.7678996653 113.292417323
22.8469006321 113.277974889
22.9095333435 113.180925088
22.9301721211 113.218367087
22.8663634695 113.138382886
22.8573761737 113.053481894
22.8225054565 113.241833078
22.8821412994 113.217936898
23.0386685028 113.2034172
22.8527143127 113.256555405
23.1282410171 113.013931251
23.101032316 113.211687201
22.8057463245 113.275591791
23.146318306 113.105092598
22.8413902401 113.263175389
22.847996845 113.265444975
22.8225054565 113.241833078
22.8413377965 113.252832116
22.8178291156 113.728878211
22.9133457843 113.625675911
23.1042585146 113.864423907
23.2543432888 113.14167327
22.8046147161 113.738957681
23.2297821787 113.085718233
23.1282410171 113.013931251
23.1507239283 113.106826651
23.0401469705 113.107472443
23.0350962097 113.215226959
23.0671216566 113.711024992
22.9689426342 113.985753238
22.8249515951 114.147304677
23.0298667435 113.806949257
23.0639742532 113.107355158
22.9246374357 113.66322447
22.9443423605 113.677128267
22.8444321777 114.174983889
22.7810824908 114.057401415
22.9178973548 114.014809217
23.0824818205 113.875620207
22.7884983701 114.109162081
23.1090441157 113.824963966
22.888649483 113.668795077
22.8231151648 113.682687043
23.0214706869 113.97673029
22.8415806473 113.983753398
22.8019369733 113.72154843
23.0999697184 113.660367638
22.8206529272 113.679323644
23.0007842698 113.950923238
22.7439453431 114.143999862
22.8387027978 113.706687858
22.7022856763 114.173668089
22.8291522955 113.734764673
23.0250614848 114.103597284
22.7482989236 114.139154251
22.8766088621 113.675043963
22.7359118422 114.275790353
23.0824818205 113.875620207
22.9654733747 114.154279241
22.8358629452 114.112857784
22.9456590629 113.95058429
23.0056171712 113.938165521
22.8889808795 113.221037199
22.7667604743 113.262949836
22.8847994536 113.25895424
22.8442556529 113.258879341
22.9511921373 113.267032817
22.7112985336 113.161417171
23.2044587942 113.163389145
22.7836039192 113.291565936
23.2604804049 113.023625339
22.9870641976 113.768942908
23.0955424458 113.184764536
23.1035079564 113.183697798
22.8206529272 113.679323644
22.9896558559 113.889738692
22.9413278534 113.676795108
22.8339922574 114.096809685
23.2211386776 112.924845864
23.0242936945 113.791300865
22.8206529272 113.679323644
23.0962141789 113.657281175
22.9704957404 113.919336449
23.0294146214 113.995516746
23.1175980335 113.88363679
22.8184991008 113.806716821
22.962945003 113.678640868
23.063544524 113.771058202
22.8002965692 113.747257395
23.0781565993 113.874114265
23.0598321534 113.587232367
23.1270333725 113.012003662
23.0423525405 113.731837083
22.808698109 114.100226423
23.1050098143 113.819815702
23.0546665425 113.741403919
23.0571480063 113.663448043
23.0422956724 113.807775788
23.003716161 113.881268017
23.0087768345 113.738185622
22.9381595639 113.887040884
23.0508029737 113.715671602
23.083224605 113.728526388
23.0543426927 113.754890746
22.9166930485 114.024871477
23.0260996459 113.746607958
23.0732836216 114.023446724
23.0863688268 113.950534371
23.1387167482 113.111198007
22.9880788466 114.020857889
23.043264072 112.92608126
23.0610229981 112.922148209
22.9408117475 113.945322628
22.9958708444 113.762143366
22.9133414172 113.848369316
22.9733332699 113.730314028
23.1127608293 112.929911359
23.1235871811 113.164835495
23.059138634 113.743130759
23.0681283794 113.025536319
23.0972442087 113.752357671
23.198853658 113.185160536
23.0934829484 113.182621538
23.2319069152 113.089087363
23.0627911898 113.062378416
23.0623341499 113.105684107
23.1097103215 113.180840492
23.2292311126 113.082718813
23.1150190928 112.930563685
23.1152677456 113.116939916
22.8025686357 113.287397854
23.0600749434 112.921689888
23.1502912237 113.109264615
23.1106564851 113.130968681
23.0650595011 113.057277937
22.9359515728 113.899085229
23.1145839344 113.861314181
22.9067297738 113.847587431
22.9097662018 114.074039829
23.1146532512 113.836965417
23.0390982507 113.773177736
22.8467040068 114.159286454
23.1152677456 113.116939916
22.8640296541 113.139840113
22.9662958675 113.090602899
22.9641179581 113.089718548
22.9588149647 113.0899638
22.8896740066 113.081987
23.1127516799 113.125391215
22.964207052 113.095785868
22.9604996934 113.107183818
23.0636785373 113.05707445
22.9653213804 113.092568377
23.0095891526 113.085642362
22.7898213335 113.164103868
23.0418187677 113.088398158
22.9681791711 113.097867108
22.9945666638 113.140925648
22.978882016 113.016650621
22.9456383638 113.090041454
23.0666723454 113.154870339
23.0128081082 113.760312199
23.1790300071 112.876192461
23.1234111294 113.151774758
23.0440623975 113.125784042
22.8332623991 113.280151555
22.8146759735 113.827731196
23.0636739782 113.771188397
23.1232943054 113.110382336
