18.0 2.34576564853 112.044728435 1.19444444444 3.23673602124 11.0 2.01358142495 
24.0 1.09941272793 35.5697550586 1.35208333333 0.0495604227941 4.0 1.59665346544 
16.0 1.66288456612 106.709265176 1.365625 3.5573946875 7.0 2.0949513676 
1.0 1.0806761932 0.444621938232 1.5 0.000534705882353 1.0 0.728429123738 
19.0 2.05645268212 156.062300319 1.17631578947 3.84420365325 7.0 1.89297991007 
1.0 0.399998048148 0.444621938232 1.5 0.000534705882353 1.0 0.728429123738 
16.0 1.48860753057 76.4749733759 1.25 1.07180559743 11.0 1.9773004473 
19.0 1.9531310579 153.39456869 1.23947368421 3.84266160991 10.0 2.04463277489 
2.0 1.22799959351 2.66773162939 1.5 0.0149156617647 1.0 0.351709231408 
29.0 1.71525698052 83.1443024494 1.18620689655 0.147822925963 12.0 2.20535534913 
31.0 1.58199843382 72.0287539936 1.2064516129 0.0887330882353 15.0 1.58768212234 
28.0 1.62294602601 64.4701810437 1.23928571429 0.0919809716387 16.0 1.67628686087 
14.0 1.39680060185 76.0303514377 1.11071428571 1.30796544118 10.0 1.89172877695 
20.0 1.80881394338 39.1267305644 1.2325 0.0640758014706 14.0 1.75334878877 
15.0 1.88463568495 31.5681576145 1.15333333333 0.077226745098 12.0 1.91532568325 
30.0 1.68887322788 88.9243876464 1.16666666667 0.149120284314 12.0 2.00610025756 
30.0 1.6881986842 69.8056443024 1.19666666667 0.0907142352941 13.0 1.51382713305 
2.0 1.15409528563 2.66773162939 1.5 0.0149156617647 2.0 1.65437200593 
14.0 1.34676630997 71.1395101171 1.21428571429 1.21381610294 11.0 2.07073420444 
12.0 1.75622360283 20.8972310969 1.15 0.0562572181373 9.0 1.71193661723 
10.0 2.03715710176 12.8940362087 1.35 0.0371680588235 9.0 2.0783889085 
27.0 1.66727453199 64.0255591054 1.22962962963 0.09527916122 15.0 1.58710263251 
23.0 1.63149808597 46.6853035144 1.23260869565 0.0634886189258 14.0 1.70391782819 
8.0 1.5139684039 15.1171458999 1.25 0.195228198529 3.0 1.48163315753 
12.0 2.16237635153 22.6757188498 1.22083333333 0.144846580882 9.0 2.4341380411 
9.0 1.74222686322 11.1155484558 1.33333333333 0.0383140196078 7.0 1.67190106777 
24.0 1.64051011105 56.4669861555 1.2125 0.0929868627451 13.0 1.81001031354 
28.0 2.2306383012 110.266240682 1.25178571429 0.669527956933 11.0 2.33148275144 
18.0 2.35286340268 112.933972311 1.19444444444 3.23836373366 11.0 1.99459387764 
13.0 2.53872233853 14.6725239617 1.27307692308 0.068497081448 3.0 1.68618791622 
27.0 1.69843867019 49.3530351438 1.26481481481 0.137954188453 4.0 1.90625381624 
28.0 1.7967035224 66.2486687966 1.1875 0.0949960136555 15.0 1.90224451427 
18.0 1.7501589281 81.8104366347 1.26388888889 0.957599207516 9.0 2.01174832573 
21.0 2.38562538118 37.7928647497 1.11904761905 0.179406659664 4.0 1.68069125801 
33.0 1.54214525664 55.1331203408 1.23181818182 0.121889108734 5.0 2.029896299 
31.0 1.62079919884 72.0287539936 1.2064516129 0.0887330882353 15.0 1.62748083402 
8.0 1.79900904813 9.78168264111 1.28125 0.0263688235294 2.0 1.49120117306 
1.0 0.699008553026 0.444621938232 0.75 0.000543088235294 1.0 0.0 
14.0 1.93987905322 16.0063897764 1.45357142857 0.0356260714286 7.0 1.77708732324 
42.0 1.47525949693 78.2534611289 1.37619047619 0.119729327731 4.0 2.06094247771 
17.0 2.03217368387 32.0127795527 1.36176470588 0.214614463668 7.0 1.65678298418 
10.0 1.83162547889 28.9004259851 1.185 0.0724911176471 3.0 2.02820988299 
14.0 1.62073135639 89.8136315229 0.664285714286 0.288084012605 5.0 1.98354736832 
21.0 1.32470382858 40.0159744409 1.35238095238 0.0848875840336 2.0 1.01763603817 
50.0 1.86261025846 84.0335463259 1.256 0.217039614706 7.0 1.91018361457 
18.0 1.69406307531 24.0095846645 1.35 0.0819819771242 2.0 1.4707296689 
14.0 1.71633748653 59.5793397231 0.917857142857 0.156256292017 1.0 2.42310859267 
27.0 2.00306730035 47.1299254526 1.5 0.0642242429194 2.0 1.48905509007 
13.0 1.31562000679 28.0111821086 1.26538461538 0.0568181447964 2.0 2.19059572735 
6.0 1.65946504755 8.89243876464 1.03333333333 0.0161142647059 0.0 0.0 
35.0 2.11934635411 95.5937167199 1.23714285714 0.321120096639 7.0 1.92087648706 
15.0 1.9356084387 29.7896698616 1.34333333333 0.239287441176 7.0 1.78594268604 
4.0 1.61317365201 6.22470713525 0.875 0.0161199264706 0.0 0.0 
13.0 2.01540207941 15.5617678381 1.45 0.0381411651584 7.0 1.45404763498 
11.0 1.92728679012 35.5697550586 1.15 0.0795480748663 3.0 1.87558399625 
3.0 1.65981547769 12.8940362087 0.766666666667 0.0684084803922 1.0 1.0531910834 
19.0 2.03764414995 76.4749733759 1.26052631579 0.588061973684 7.0 1.79480840515 
7.0 2.40827943949 12.0047923323 1.41428571429 0.0627035504202 2.0 2.17810963433 
14.0 1.77528035959 26.6773162939 1.26071428571 0.166322384454 2.0 2.60270856556 
31.0 1.96041270724 83.5889243876 1.26290322581 0.31916404649 10.0 1.93074111848 
21.0 2.10859363389 39.5713525027 1.37142857143 0.193293459384 7.0 1.48727014818 
27.0 1.68715257022 55.577742279 1.33333333333 0.133629776688 2.0 0.723520122612 
1.0 0.699008553026 0.444621938232 0.75 0.000543088235294 1.0 0.0 
2.0 1.33420139773 4.89084132055 1.05 0.0293658823529 1.0 1.0531910834 
18.0 1.81375290008 104.930777423 0.708333333333 0.236954591503 4.0 1.7293636085 
14.0 2.01410435099 64.4701810437 0.914285714286 0.153469842437 2.0 2.41102968008 
50.0 1.72158756131 79.5873269436 1.275 0.195835864706 4.0 0.855755157245 
19.0 2.22937356067 37.7928647497 1.35789473684 0.2120699613 7.0 1.71105379665 
16.0 1.90205765839 40.0159744409 1.2875 0.0558834650735 5.0 2.11557126096 
25.0 1.92076957934 28.9004259851 1.304 0.0717439823529 4.0 1.07518474466 
7.0 2.13908859069 24.898828541 0.814285714286 0.0460408193277 0.0 0.0 
17.0 1.89365261668 24.0095846645 1.37647058824 0.0666405536332 4.0 2.0718643687 
19.0 1.98949301771 52.0207667732 1.25263157895 0.0650882352941 5.0 1.96188900908 
33.0 1.84147645176 50.2422790202 1.33939393939 0.0935411675579 2.0 2.26409847621 
38.0 1.61156447585 66.6932907348 1.36315789474 0.117228332043 4.0 1.84291571112 
10.0 1.69402226055 12.4494142705 1.4 0.0480655294118 2.0 1.66734708107 
15.0 1.65253986857 86.256656017 0.676666666667 0.241194215686 4.0 1.43209987385 
25.0 1.92076957934 28.9004259851 1.304 0.0717439823529 4.0 1.07518474466 
5.0 2.43741983169 3.11235356763 1.5 0.00856823529412 0.0 0.0 
40.0 1.93331753651 75.1411075612 1.3075 0.199981875 8.0 2.20572875578 
11.0 1.43504779477 10.6709265176 1.42272727273 0.0201421122995 2.0 2.07745241897 
32.0 1.76744001277 65.3594249201 1.359375 0.124304025735 3.0 1.52079459924 
26.0 1.64149593627 33.3466453674 1.36923076923 0.208557335973 1.0 2.9545728847 
48.0 1.71468631217 72.0287539936 1.2875 0.180418988971 5.0 1.600542028 
31.0 1.98105437272 53.3546325879 1.05 0.193531442125 9.0 2.08393797818 
16.0 1.91743759406 19.118743344 1.425 0.0655290716912 2.0 1.7452840844 
21.0 1.75447135781 27.5665601704 1.3119047619 0.0808320518207 4.0 0.731015747178 
20.0 1.9421457978 31.5681576145 1.2775 0.0875858382353 2.0 2.15786193427 
20.0 1.47059314386 33.7912673056 1.1425 0.238322411765 3.0 1.63211113002 
10.0 2.50154288987 8.89243876464 1.49 0.0230176470588 0.0 0.0 
42.0 1.90071240761 82.2550585729 1.30833333333 0.195610164566 13.0 2.33300924894 
7.0 1.72797783587 6.66932907348 1.5 0.0176555882353 6.0 1.1217264701 
18.0 1.9214501991 38.6821086262 1.05 0.186248055556 7.0 1.42945088094 
24.0 1.80624789072 43.1283280085 1.15625 0.225309944853 3.0 1.74979606644 
15.0 1.8836112968 21.3418530351 1.32333333333 0.0229268235294 3.0 1.05399832433 
8.0 1.83807151112 7.11395101171 1.5 0.0158148713235 6.0 1.18087053717 
19.0 1.95387063837 39.1267305644 1.07368421053 0.176600325077 7.0 1.3845801476 
15.0 1.81059278271 30.678913738 0.973333333333 0.199961784314 6.0 1.33402947505 
21.0 1.75447135781 27.5665601704 1.3119047619 0.0808320518207 4.0 0.731015747178 
18.0 1.46225406043 29.3450479233 1.31666666667 0.132862687908 2.0 2.46444500217 
7.0 1.59716557123 5.78008519702 1.5 0.0138886134454 6.0 1.16796025522 
10.0 1.62605351936 12.4494142705 1.4 0.0480655294118 2.0 1.42024191609 
13.0 2.1155431863 14.6725239617 1.45 0.0361127941176 6.0 1.38879961277 
17.0 2.14112161467 57.3562300319 1.20294117647 0.203419861592 6.0 1.49988587193 
15.0 1.94266054113 30.678913738 0.973333333333 0.199961784314 6.0 1.34683206421 
39.0 1.96552946211 69.8056443024 1.29358974359 0.132021866516 5.0 1.9942782468 
20.0 2.16418154136 27.1219382322 1.38 0.0424201470588 5.0 2.54950597264 
16.0 1.88826171013 34.6805111821 1.15625 0.198653226103 4.0 2.62887450294 
25.0 1.74159861524 106.709265176 1.156 0.534353223529 11.0 2.1302514893 
15.0 2.17920425748 32.9020234292 1.33333333333 0.447729647059 2.0 2.67598740473 
9.0 2.16937221334 12.4494142705 1.26111111111 0.052236879085 0.0 0.0 
19.0 1.81143154119 95.1490947817 1.14210526316 0.690507987616 9.0 1.67765684322 
43.0 1.92376381971 70.6948881789 1.3 0.148102424761 5.0 1.8759395969 
15.0 1.81902911898 24.4542066028 1.3 0.0266471078431 3.0 1.61049477846 
27.0 2.04431723767 47.1299254526 1.0462962963 0.201402184096 8.0 2.08832463178 
11.0 1.61591737576 13.7832800852 1.44090909091 0.0421460561497 2.0 2.70636786228 
6.0 1.38120428242 5.33546325879 1.5 0.0157150735294 6.0 1.21483256718 
17.0 2.04556668393 24.4542066028 1.32647058824 0.023708650519 3.0 1.13187793152 
20.0 1.93021741557 87.1458998935 1.225 0.582751169118 7.0 2.03851792814 
19.0 2.02291771511 60.9132055378 1.21578947368 0.185246122291 7.0 1.5354477182 
18.0 1.7227469684 104.930777423 0.708333333333 0.236954591503 4.0 1.05243255765 
20.0 1.91137380517 43.5729499468 1.325 0.0804248014706 9.0 2.01469983938 
21.0 1.8818201349 87.5905218317 1.2380952381 0.554748130252 8.0 1.76380919092 
28.0 1.71805603229 80.9211927583 1.19464285714 0.149943319328 9.0 1.93217313136 
10.0 2.11067845259 15.5617678381 1.37 0.100928573529 2.0 0.954092157367 
1.0 0.928373036389 7.55857294995 0.0 0.0292986764706 0.0 0.0 
15.0 1.46092938799 59.5793397231 1.41333333333 1.48291245098 0.0 0.0 
28.0 2.07469024238 104.486155485 1.375 0.788963539916 13.0 2.04908976595 
4.0 2.48955173759 3.11235356763 1.5 0.0154158823529 1.0 0.683302399173 
30.0 1.86273885798 43.1283280085 1.47 0.0447041666667 13.0 1.86502370414 
38.0 1.75354883035 67.1379126731 1.37763157895 0.223027329721 9.0 1.53878183406 
42.0 1.53542356387 128.051118211 1.32023809524 0.809887720588 10.0 1.87434706753 
0.0 0.0 0.0 0.0 0.0 0.0 0.0 
40.0 1.63158273907 70.6948881789 1.38375 0.214073367647 9.0 1.36693816832 
39.0 1.86880227973 96.9275825346 1.33076923077 0.689483352187 9.0 1.65956812649 
6.0 1.83301768453 10.6709265176 1.44166666667 0.0618109313725 0.0 0.0 
31.0 1.96065056651 105.820021299 1.39032258065 0.871322666034 8.0 2.03712860944 
16.0 1.98454615486 168.956336528 1.20625 4.63398872243 1.0 2.83409511092 
7.0 1.62876137603 4.00159744409 1.14285714286 0.0161602521008 3.0 2.2959357314 
8.0 1.89613323837 5.78008519702 0.88125 0.0216958823529 2.0 2.42454852838 
4.0 1.21832344481 40.9052183174 0.7125 5.52206783088 5.0 0.458980353504 
41.0 1.56917765941 72.0287539936 1.35609756098 0.227353436155 9.0 1.38809600722 
30.0 2.34247343409 205.859957401 1.28 2.67023065196 9.0 1.66572420747 
44.0 1.50058976994 129.829605964 1.32840909091 0.774084856283 10.0 1.81884277894 
31.0 1.58825888617 82.6996805112 1.38709677419 0.477964691651 16.0 1.80530186954 
28.0 1.74270335826 59.5793397231 1.41607142857 0.290273960084 6.0 1.51105859634 
25.0 2.15286049503 96.0383386581 1.36 0.875013129412 10.0 1.93738100463 
13.0 1.4793177664 12.0047923323 1.40769230769 0.0251204977376 1.0 0.00549457819563 
12.0 1.35250280431 11.560170394 1.4 0.0269697181373 1.0 0.00549457819563 
5.0 2.39002543418 4.44621938232 1.5 0.0167604117647 0.0 0.0 
4.0 1.21832344481 40.9052183174 0.7125 5.52206783088 5.0 0.458980353504 
7.0 1.62847414828 45.3514376997 0.878571428571 3.18354226891 5.0 1.07450247546 
1.0 2.48899624152 1.77848775293 1.15 0.0730117647059 0.0 0.0 
7.0 1.70741573231 4.89084132055 0.871428571429 0.0243767436975 2.0 1.91517059434 
4.0 1.21832344481 40.9052183174 0.7125 5.52206783088 5.0 0.458980353504 
6.0 1.40772425793 43.5729499468 0.85 3.70100154412 5.0 0.870732201363 
2.0 1.8526012456 1.3338658147 1.2 0.0161142647059 0.0 0.0 
9.0 1.91966329989 13.338658147 1.48333333333 0.0531331699346 2.0 1.04327072977 
67.0 1.91347248049 141.389776358 1.37611940299 0.171926940299 10.0 2.02501912217 
4.0 1.81337578629 4.44621938232 1.175 0.0307636397059 8.0 1.55240945695 
0.0 0.0 0.0 0.0 0.0 0.0 0.0 
4.0 0.982285175535 2.66773162939 1.0875 0.0191788602941 1.0 2.03037919146 
18.0 1.71713255846 56.9116080937 1.42222222222 0.472282957516 11.0 2.00338477907 
3.0 1.80138279814 3.11235356763 1.11666666667 0.0117194607843 5.0 0.994156066842 
25.0 2.23212634593 70.2502662407 1.394 0.260763770588 25.0 1.97211623803 
10.0 2.19587599283 20.4526091587 1.39 0.0605785294118 3.0 0.0 
3.0 2.31140206444 6.66932907348 1.5 0.0292986764706 1.0 2.00041696626 
1.0 1.30256591276 0.444621938232 1.5 0.00294117647059 0.0 0.0 
3.0 2.47332948514 5.33546325879 0.666666666667 0.0302753431373 0.0 0.0 
15.0 1.7883264998 111.155484558 1.21 3.18712935294 6.0 2.02878620872 
8.0 1.99080804879 9.33706070288 1.2625 0.0267364705882 4.0 2.59943043561 
25.0 2.23212634593 70.2502662407 1.394 0.260763770588 25.0 1.97211623803 
14.0 1.84325894653 20.8972310969 1.46428571429 0.0322972584034 9.0 2.24739380364 
12.0 2.01573839423 46.2406815761 1.3625 0.766743737745 7.0 2.12044306276 
33.0 2.05220684801 81.8104366347 1.41060606061 0.204418511586 21.0 2.10915159545 
7.0 1.85851169114 11.1155484558 1.5 0.0225264495798 6.0 2.02557442343 
14.0 1.67543697776 19.5633652822 1.31071428571 0.0224716911765 3.0 1.14741368783 
1.0 0.584309846875 1.3338658147 0.35 0.00292985294118 3.0 0.791439954789 
14.0 2.00376256387 21.7864749734 1.5 0.0241705042017 4.0 2.36342738248 
69.0 1.8419993432 153.839190628 1.39420289855 0.179531911765 16.0 2.12693106324 
52.0 1.89073825009 151.171458999 1.33269230769 0.471338164593 12.0 1.58316282432 
29.0 1.61308986675 61.8024494143 1.41896551724 0.282485491886 6.0 1.19111058791 
39.0 1.86880227973 96.9275825346 1.33076923077 0.689483352187 9.0 1.65956812649 
43.0 2.01261979597 105.820021299 1.39651162791 0.372217592339 16.0 1.79220484795 
39.0 1.78287737193 102.707667732 1.36538461538 0.410213831071 12.0 1.60278744031 
39.0 2.03285031804 104.486155485 1.3858974359 0.411544596531 15.0 1.74435401237 
29.0 1.80867329001 40.4605963791 1.46896551724 0.0432147870183 13.0 1.83856762463 
37.0 1.98596941835 92.9259850905 1.44054054054 0.631027694754 15.0 1.99762358649 
1.0 2.60788817266 0.444621938232 1.25 0.000543088235294 2.0 0.258314904095 
37.0 1.89611948267 59.5793397231 1.47567567568 0.0489231399046 12.0 1.52051211335 
43.0 1.54697726966 128.051118211 1.32441860465 0.791065899453 10.0 1.83815334986 
32.0 1.6049137021 48.0191693291 1.428125 0.0728710753676 14.0 1.65361713064 
27.0 1.57052092604 196.07827476 1.29444444444 2.83353705338 6.0 1.80860448029 
6.0 2.51585866938 5.78008519702 1.5 0.0200434803922 1.0 0.683302399173 
27.0 2.13557417533 100.929179979 1.37037037037 0.813577075163 12.0 1.99426349159 
25.0 2.39796888276 170.734824281 1.326 2.95815542941 6.0 2.2932621913 
38.0 1.85280945984 96.4829605964 1.32631578947 0.707018622291 9.0 1.72091422058 
0.0 0.0 0.0 0.0 0.0 1.0 0.940380091096 
1.0 2.86949040791 1.3338658147 0.35 0.00292985294118 1.0 1.49521996661 
1.0 1.506220837 1.3338658147 0.35 0.00292985294118 4.0 1.83991972826 
13.0 2.16417298723 20.8972310969 1.5 0.0389977149321 4.0 1.75836438745 
11.0 1.26487123233 32.9020234292 1.01818181818 0.0280178475936 10.0 1.66287645399 
13.0 2.18147734639 20.8972310969 1.5 0.0389977149321 4.0 1.7631284142 
2.0 2.16638919334 32.0127795527 0.025 0.350542058824 4.0 0.373610757706 
2.0 2.20842591115 32.0127795527 0.025 0.350542058824 4.0 0.339678738664 
2.0 2.20449735464 32.0127795527 0.025 0.350542058824 4.0 0.431980600119 
1.0 0.434641931669 1.3338658147 0.35 0.00292985294118 3.0 0.710018580783 
0.0 0.0 0.0 0.0 0.0 0.0 0.0 
1.0 0.507452273395 1.3338658147 0.35 0.00292985294118 4.0 1.28358144307 
4.0 1.21832344481 40.9052183174 0.7125 5.52206783088 5.0 0.458980353504 
20.0 2.05510993224 70.2502662407 1.4075 0.175537397059 8.0 1.57604798891 
3.0 1.48682620314 21.3418530351 0.35 0.0842681372549 5.0 1.76894135103 
7.0 1.62434061315 15.5617678381 1.07857142857 0.0409107983193 2.0 1.78193817908 
5.0 1.30654684066 20.8972310969 0.63 0.0257828529412 8.0 0.965727540328 
21.0 2.16257993915 73.3626198083 1.4119047619 0.169829306723 7.0 1.47839269273 
2.0 2.3968632437 8.89243876464 0.5 0.0292986764706 1.0 2.94118510815 
5.0 1.1103532577 20.8972310969 0.63 0.0257828529412 9.0 1.16397192746 
45.0 1.87007330428 118.26943557 1.39 0.23335077451 10.0 2.32021646607 
3.0 1.03942370166 4.89084132055 1.2 0.0200345588235 1.0 0.626234786216 
15.0 1.29820412035 49.3530351438 0.933333333333 0.0323002745098 12.0 1.344144323 
3.0 1.15656853299 21.3418530351 0.35 0.0842681372549 5.0 1.49799752854 
0.0 0.0 0.0 0.0 0.0 0.0 0.0 
4.0 0.883299478859 16.4510117146 0.625 0.0249038970588 7.0 0.847678041142 
15.0 1.29646202026 49.3530351438 0.933333333333 0.0323002745098 12.0 1.44370245381 
0.0 0.0 0.0 0.0 0.0 0.0 0.0 
4.0 1.74363967199 22.2310969116 0.5 0.0593298897059 0.0 0.0 
4.0 2.56745659913 18.6741214058 0.6625 0.0561605882353 2.0 2.0284605952 
16.0 1.52015365368 56.0223642173 0.896875 0.0339438511029 12.0 1.35203052487 
14.0 1.70271171682 49.797657082 0.892857142857 0.0341888865546 12.0 1.66433007273 
27.0 2.00835663629 57.3562300319 1.40925925926 0.103556345316 3.0 2.13407889591 
9.0 1.87386923945 25.3434504792 1.06666666667 0.0277332189542 9.0 2.23642236725 
3.0 2.45075024955 21.3418530351 0.383333333333 0.0842681372549 5.0 1.96951180757 
8.0 2.10405078094 44.017571885 0.68125 0.102375882353 3.0 1.85752617008 
16.0 1.72970380901 56.0223642173 0.896875 0.0339438511029 11.0 1.40066128791 
14.0 1.96240597625 51.1315228967 0.857142857143 0.0364909348739 11.0 1.5854487755 
16.0 1.76888544185 56.0223642173 0.896875 0.0339438511029 11.0 1.35577223592 
24.0 1.88773532245 31.1235356763 1.46875 0.025501182598 4.0 2.83916103983 
12.0 1.91888624077 39.1267305644 0.95 0.0276792401961 11.0 1.68329359624 
26.0 1.54197277405 36.9036208733 1.46346153846 0.0555741063348 16.0 1.76031299163 
15.0 1.29646202026 49.3530351438 0.933333333333 0.0323002745098 12.0 1.44370245381 
26.0 1.57653985334 35.5697550586 1.46346153846 0.0554294739819 12.0 1.57894500986 
2.0 2.08969270566 11.1155484558 0.475 0.0439480882353 0.0 0.0 
45.0 1.69884324553 72.4733759318 1.40444444444 0.0890110686275 7.0 1.82186956814 
63.0 1.84738752889 102.707667732 1.39603174603 0.0875635270775 10.0 1.91949732545 
3.0 2.38373742969 21.3418530351 0.383333333333 0.0842681372549 5.0 2.04219461133 
23.0 2.23169556287 29.7896698616 1.4652173913 0.0463822506394 9.0 2.08382793784 
21.0 2.2019435891 29.7896698616 1.47380952381 0.0488316946779 10.0 2.11087775294 
30.0 1.72763308162 70.6948881789 1.43833333333 0.220379862745 9.0 1.8026775924 
23.0 2.19679125761 29.7896698616 1.4652173913 0.0463822506394 9.0 2.09612112812 
33.0 2.00585988524 93.815228967 1.42121212121 0.250839590018 11.0 2.15824683976 
16.0 2.31383241689 18.2294994675 1.45 0.03058140625 10.0 2.02013207204 
9.0 2.15760978054 16.0063897764 1.42222222222 0.111886960784 7.0 2.20501627656 
26.0 1.58700551963 37.3482428115 1.46346153846 0.053299219457 14.0 1.51274328366 
45.0 1.82947536406 90.7028753994 1.41666666667 0.16845522549 7.0 1.89053674213 
29.0 1.6224014899 47.5745473908 1.46724137931 0.064069198783 13.0 1.43092325376 
24.0 1.72076151862 25.3434504792 1.46666666667 0.0247654779412 14.0 1.6249345709 
25.0 1.51756548982 35.5697550586 1.462 0.0542592411765 16.0 1.67937857844 
19.0 2.24434107415 26.6773162939 1.47105263158 0.050732995356 9.0 2.37511457387 
1.0 0.707046496535 1.3338658147 1.5 0.0292986764706 3.0 1.12030870109 
25.0 1.82862492529 26.2326943557 1.468 0.0226029058824 14.0 1.62435909627 
9.0 1.91966329989 13.338658147 1.48333333333 0.0531331699346 2.0 1.04327072977 
26.0 1.42996576444 41.7944621938 1.46346153846 0.0665942929864 16.0 1.74992921472 
19.0 1.78922956727 28.0111821086 1.10789473684 0.0755948142415 13.0 1.54715392765 
34.0 1.76496688619 75.5857294995 1.44558823529 0.196505726644 12.0 1.69178752807 
23.0 1.46447567605 128.051118211 1.17608695652 0.933463331202 6.0 1.27083453069 
0.0 0.0 0.0 0.0 0.0 1.0 0.712191329343 
7.0 2.06603138789 7.55857294995 1.17142857143 0.0263688235294 12.0 2.14433681204 
4.0 1.81337578629 4.44621938232 1.175 0.0307636397059 8.0 1.55240945695 
1.0 2.68845782932 0.889243876464 1.2 0.0292986764706 5.0 2.5726343718 
3.0 1.76467513881 3.11235356763 1.11666666667 0.0117194607843 5.0 0.995081580857 
1.0 2.40429105284 0.444621938232 1.25 0.000543088235294 2.0 0.129157452047 
14.0 2.27800216294 31.5681576145 1.41071428571 0.0700988760504 1.0 2.71652630755 
0.0 0.0 0.0 0.0 0.0 1.0 0.712191329343 
23.0 2.19363409225 127.161874334 1.17608695652 0.932528375959 6.0 2.10956496254 
18.0 1.78241942002 27.5665601704 1.08611111111 0.079631127451 12.0 1.59308430687 
9.0 1.74185994625 15.1171458999 0.983333333333 0.139593921569 12.0 1.68996963062 
14.0 1.84768818216 20.4526091587 1.19285714286 0.0736110084034 14.0 2.24432988782 
4.0 1.81337578629 4.44621938232 1.175 0.0307636397059 8.0 1.55240945695 
7.0 1.39528839122 8.89243876464 1.16428571429 0.041093487395 3.0 0.882453806293 
7.0 2.02404565951 7.55857294995 1.17142857143 0.0263688235294 15.0 2.16459164502 
7.0 2.17626208749 7.55857294995 1.17142857143 0.0263688235294 10.0 1.91476312229 
14.0 1.90089177767 18.2294994675 1.15357142857 0.0311833193277 11.0 2.09025571074 
9.0 1.89995347835 18.6741214058 1.04444444444 0.136651437908 7.0 2.57344098509 
19.0 1.82099884093 28.0111821086 1.10789473684 0.0755948142415 12.0 1.37226390577 
17.0 1.63564311052 30.678913738 1.03529411765 0.124029809689 12.0 1.31369159221 
17.0 1.64805042447 30.678913738 1.03529411765 0.124029809689 13.0 1.51753236663 
10.0 2.37173476424 9.33706070288 1.13 0.0270196176471 11.0 1.99316771831 
19.0 1.84905863659 34.2358892439 1.03947368421 0.118185634675 11.0 1.29012994876 
19.0 1.84122977592 28.0111821086 1.10789473684 0.0755948142415 12.0 1.50004228213 
9.0 2.22836754537 13.7832800852 1.48333333333 0.0508432679739 4.0 2.00135721881 
17.0 1.67101822562 26.2326943557 1.06176470588 0.084143633218 12.0 1.3443176725 
6.0 1.47166603446 43.5729499468 0.108333333333 0.0522274264706 13.0 0.897747930732 
10.0 1.77901647203 16.4510117146 1.005 0.128564397059 12.0 1.7017409392 
11.0 2.21865652555 21.3418530351 1.04090909091 0.172770427807 8.0 2.42291498885 
3.0 1.83067597612 17.7848775293 0.183333333333 0.0259089705882 13.0 2.09835923516 
1.0 0.531761803229 5.78008519702 0.0 0.323485441176 0.0 0.0 
0.0 0.0 0.0 0.0 0.0 0.0 0.0 
0.0 0.0 0.0 0.0 0.0 0.0 0.0 
5.0 1.53632547399 37.3482428115 0.12 0.0568131764706 13.0 1.37583809543 
7.0 1.64339570819 49.797657082 0.1 0.0489518907563 13.0 1.16905166536 
7.0 1.6412035363 49.797657082 0.1 0.0489518907563 13.0 1.15172033969 
7.0 1.56747905393 49.797657082 0.1 0.0489518907563 13.0 0.785443417964 
0.0 0.0 0.0 0.0 0.0 0.0 0.0 
6.0 1.38333643957 43.5729499468 0.108333333333 0.0522274264706 13.0 0.862534562264 
17.0 2.1660908304 29.7896698616 1.43529411765 0.051068884083 21.0 2.08110097115 
6.0 1.54647953025 43.5729499468 0.108333333333 0.0522274264706 13.0 0.871021399674 
7.0 1.5934910395 49.797657082 0.1 0.0489518907563 13.0 1.09326731032 
3.0 1.28140514384 4.89084132055 1.2 0.0200345588235 1.0 0.626234786216 
26.0 1.94540793653 68.0271565495 1.40384615385 0.340409366516 20.0 1.79421014154 
7.0 0.707897239662 15.5617678381 1.07857142857 0.0409107983193 2.0 1.28276063164 
5.0 1.5591332841 37.3482428115 0.12 0.0568131764706 13.0 1.16712602433 
20.0 1.86860118245 123.16027689 1.2675 2.41441127941 8.0 1.76983828597 
20.0 2.22058024948 32.0127795527 1.465 0.0444551911765 4.0 2.41926821813 
34.0 1.83135466588 84.9227902023 1.43823529412 0.195686656574 14.0 2.18258757396 
24.0 2.00859616478 62.6916932907 1.40833333333 0.3615746875 21.0 1.83274697926 
27.0 1.68616903791 69.8056443024 1.39074074074 0.242430958606 19.0 2.01380879391 
27.0 1.99059302267 70.2502662407 1.40740740741 0.329429319172 21.0 1.93652158956 
14.0 1.56462920401 109.376996805 1.18928571429 3.41263331933 7.0 1.88626319125 
22.0 2.25517905659 37.7928647497 1.42727272727 0.0496968248663 20.0 1.80463724556 
26.0 1.91011510667 68.4717784878 1.40384615385 0.34097280543 20.0 1.83733069224 
10.0 2.19587599283 20.4526091587 1.39 0.0605785294118 3.0 0.0 
17.0 1.7173901909 27.5665601704 1.48529411765 0.0380393425606 15.0 1.95291140516 
20.0 1.88888650782 123.16027689 1.2675 2.41441127941 8.0 1.75186307401 
28.0 2.02213957933 92.4813631523 1.40535714286 0.294259128151 11.0 2.04016104026 
26.0 2.05288107556 65.8040468584 1.43076923077 0.234250763575 18.0 2.10728321409 
25.0 1.92473604326 64.4701810437 1.446 0.342184982353 23.0 2.21021310472 
26.0 1.60915129023 218.75399361 1.23461538462 3.1582520362 10.0 1.99125006308 
15.0 2.31825005598 23.5649627263 1.41 0.0471195686275 19.0 1.89393704777 
12.0 1.77142049583 17.7848775293 1.5 0.0223066421569 12.0 1.59631597297 
25.0 2.0536039524 93.3706070288 1.35 0.566757517647 22.0 1.78184938422 
19.0 1.72654278487 62.6916932907 1.40789473684 0.456678188854 11.0 2.26680714962 
28.0 1.75967241104 80.0319488818 1.43571428571 0.232885798319 15.0 2.11733223524 
26.0 1.91071032723 66.6932907348 1.40384615385 0.337592183258 22.0 1.78953002636 
26.0 1.95321109624 72.0287539936 1.44230769231 0.238495972851 9.0 1.6772755086 
10.0 2.19587599283 20.4526091587 1.39 0.0605785294118 3.0 0.0 
23.0 1.81534762322 60.9132055378 1.44130434783 0.119665575448 10.0 1.84495074568 
26.0 1.94629837598 68.0271565495 1.40384615385 0.340393964932 21.0 1.79953174189 
28.0 1.7343315424 80.0319488818 1.43571428571 0.232885798319 13.0 1.98308870788 
12.0 1.7564918255 17.7848775293 1.5 0.0223066421569 12.0 1.66747891137 
14.0 2.00009511285 21.7864749734 1.5 0.0253982773109 14.0 1.68053123897 
10.0 2.19587599283 20.4526091587 1.39 0.0605785294118 3.0 0.0 
17.0 2.1660908304 29.7896698616 1.43529411765 0.051068884083 21.0 2.08110097115 
25.0 1.85516023736 66.2486687966 1.446 0.344411688235 19.0 1.85233687905 
31.0 2.03283043957 112.933972311 1.39677419355 0.319716778937 11.0 1.93658326705 
25.0 2.05897769228 93.3706070288 1.35 0.566757517647 22.0 1.78746138416 
12.0 1.93586111983 17.7848775293 1.5 0.0247482107843 11.0 1.50733280813 
14.0 1.93321994591 45.3514376997 1.40357142857 0.441167069328 8.0 2.26401143711 
22.0 1.66283045461 155.173056443 1.29318181818 2.78719619652 4.0 1.50669752725 
24.0 1.94049213222 62.6916932907 1.44375 0.35598502451 17.0 1.8664096785 
27.0 2.00276224393 67.1379126731 1.43333333333 0.225574803922 19.0 2.18277156018 
19.0 1.72110718539 59.5793397231 1.41052631579 0.45220627709 10.0 2.19018043116 
26.0 1.93460889718 63.5809371672 1.44807692308 0.107097573529 10.0 1.77334709932 
29.0 2.11366655813 89.8136315229 1.40689655172 0.420049462475 7.0 2.37493097106 
37.0 2.20690821559 97.3722044728 1.41621621622 0.219254908585 9.0 2.19413958614 
32.0 1.98479325176 84.9227902023 1.2703125 0.311175390625 10.0 1.86347012607 
24.0 1.82638033691 56.4669861555 1.15 0.102161151961 15.0 2.02334687176 
3.0 1.52641629585 6.66932907348 1.25 0.111340833333 0.0 0.0 
13.0 1.67241216347 102.707667732 1.31538461538 4.42343728507 4.0 2.20625994098 
37.0 1.89078890176 62.6916932907 1.17027027027 0.1397134062 5.0 2.51817742894 
15.0 1.53881705878 106.264643237 1.35666666667 3.79451728431 5.0 2.0035269591 
18.0 1.9214501991 38.6821086262 1.05 0.186248055556 7.0 1.42945088094 
12.0 2.36821111253 99.595314164 1.04166666667 4.82782620098 7.0 1.57467018894 
1.0 0.622295304187 1.3338658147 1.5 0.0292986764706 3.0 1.00992455096 
22.0 0.923775447955 30.2342917998 1.38409090909 0.037841644385 4.0 1.72948772783 
14.0 1.96860993676 21.7864749734 1.5 0.0253982773109 12.0 1.49838246067 
16.0 2.01954480619 117.824813632 1.178125 3.01079471507 5.0 2.45675712229 
6.0 1.43259704505 16.8956336528 0.941666666667 0.0767514215686 2.0 0.139194420255 
13.0 2.06708431239 48.9084132055 1.37307692308 0.712045565611 8.0 2.1039219644 
9.0 1.67657308124 17.7848775293 1.27777777778 0.191985620915 4.0 1.87397072206 
20.0 2.10306582505 71.1395101171 1.4075 0.176855838235 8.0 1.61900977505 
6.0 1.44049852603 16.8956336528 0.941666666667 0.0767514215686 2.0 0.120090727897 
23.0 1.46161993214 151.171458999 1.31304347826 2.65449543478 5.0 1.35021035531 
0.0 0.0 0.0 0.0 0.0 2.0 0.261770914823 
3.0 1.88065642021 4.89084132055 0.933333333333 0.0102936764706 0.0 0.0 
29.0 1.92001695208 81.3658146965 1.24655172414 0.337346947262 10.0 1.91468580571 
29.0 1.6925052078 141.834398296 1.22413793103 0.769751825558 6.0 1.29780312724 
7.0 1.37806617468 8.89243876464 1.16428571429 0.041093487395 3.0 0.919910682682 
69.0 1.84266888698 153.839190628 1.39420289855 0.179531999147 15.0 2.09417849087 
72.0 1.86721812254 155.173056443 1.39861111111 0.172107056781 15.0 2.08952323295 
4.0 2.07713692252 5.33546325879 0.9375 0.0161142647059 5.0 1.22868076598 
51.0 2.11759739513 136.054313099 1.38431372549 0.412826980969 14.0 1.86402514783 
36.0 1.78924278192 98.2614483493 1.37638888889 0.438923296569 14.0 1.78544591142 
23.0 1.63162394986 180.071884984 1.26739130435 3.28095730818 10.0 2.18764331211 
0.0 0.0 0.0 0.0 0.0 1.0 2.9854413479 
0.0 0.0 0.0 0.0 0.0 0.0 0.0 
33.0 1.70070257648 90.2582534611 1.39393939394 0.455034447415 18.0 1.96304839052 
37.0 2.12710127138 64.0255591054 1.43648648649 0.0916602146264 14.0 2.0839694814 
2.0 2.22025862879 32.0127795527 0.025 0.350542058824 4.0 0.354163537794 
39.0 1.78287737193 102.707667732 1.36538461538 0.410213831071 12.0 1.60278744031 
0.0 0.0 0.0 0.0 0.0 1.0 0.940380091096 
41.0 1.9899756352 104.041533546 1.39146341463 0.38988938307 14.0 1.63104977062 
59.0 1.87895063134 139.611288605 1.40677966102 0.188811607677 7.0 1.73672482722 
2.0 2.69981017571 16.8956336528 0.2 0.111752867647 2.0 2.67160050476 
32.0 1.99617899847 60.4685835996 1.428125 0.0866113465074 6.0 1.84949564074 
5.0 1.12899760219 20.8972310969 0.63 0.0257828529412 8.0 1.13584004851 
52.0 1.9549582414 129.829605964 1.39423076923 0.21175739819 9.0 2.30075694931 
2.0 0.137887486468 5.78008519702 0.35 0.0732467647059 1.0 0.146082405626 
3.0 1.89424567371 26.2326943557 0.383333333333 0.213256470588 1.0 2.32791974984 
2.0 0.264026554371 5.78008519702 0.35 0.0732467647059 1.0 0.146082405626 
11.0 1.78695083557 39.5713525027 0.9 0.0372490641711 8.0 2.23934253147 
0.0 0.0 0.0 0.0 0.0 0.0 0.0 
25.0 1.52979334868 133.38658147 1.186 0.883271411765 6.0 1.31230853068 
9.0 1.92554778781 9.78168264111 1.23888888889 0.0326139379085 5.0 1.67147815965 
1.0 0.38344681016 1.3338658147 1.5 0.0292986764706 3.0 1.12148324241 
1.0 2.40429105284 0.444621938232 1.25 0.000543088235294 2.0 0.129157452047 
0.0 0.0 0.0 0.0 0.0 1.0 0.552729832258 
6.0 1.8763211475 27.1219382322 0.583333333333 0.0312519607843 11.0 1.54943101191 
28.0 1.53077527063 140.500532481 1.21428571429 0.796196580882 6.0 1.08831607184 
2.0 1.98862442881 4.89084132055 0.325 0.0292986764706 0.0 0.0 
0.0 0.0 0.0 0.0 0.0 1.0 0.552729832258 
4.0 2.36130397154 7.11395101171 1.0375 0.0367570588235 1.0 2.77191599172 
29.0 1.53350318365 141.834398296 1.22413793103 0.769751825558 6.0 1.09673470073 
18.0 1.73425588853 27.5665601704 1.07222222222 0.0854535212418 11.0 1.11986068172 
11.0 2.04758417814 16.4510117146 1.15454545455 0.0908223128342 5.0 1.69371666734 
3.0 1.80138279814 3.11235356763 1.11666666667 0.0117194607843 5.0 0.994156066842 
10.0 2.15040099722 9.33706070288 1.13 0.0270196176471 10.0 1.67765044396 
11.0 1.9877113327 16.8956336528 1.05 0.117143074866 13.0 1.77476294733 
7.0 1.59379490663 49.797657082 0.1 0.0489518907563 13.0 1.41954061129 
8.0 1.76519327239 13.7832800852 0.9625 0.153380827206 12.0 1.70759452318 
2.0 0.660294149239 7.11395101171 0.75 0.0568778676471 0.0 0.0 
23.0 1.60327398216 130.274227902 1.17608695652 0.935987257033 7.0 1.87268139862 
15.0 1.90606479846 48.9084132055 1.42333333333 0.171049441176 6.0 1.83061241512 
14.0 1.56984967566 22.6757188498 1.01071428571 0.0998333718487 12.0 1.82633732737 
6.0 1.38830421649 43.5729499468 0.108333333333 0.0522274264706 13.0 0.733718226603 
6.0 1.48595535402 16.8956336528 0.941666666667 0.0767514215686 2.0 0.217019664464 
0.0 0.0 0.0 0.0 0.0 0.0 0.0 
24.0 2.2548591123 122.715654952 1.31666666667 2.00281619485 13.0 2.20343727478 
7.0 2.0379301066 15.5617678381 1.35714285714 0.0343213445378 0.0 0.0 
6.0 1.37359988685 43.5729499468 0.108333333333 0.0522274264706 13.0 0.730101458421 
19.0 2.03564861465 114.267838126 1.27105263158 2.51811919505 10.0 2.17038139109 
6.0 1.3941027088 43.5729499468 0.108333333333 0.0522274264706 13.0 0.735954384226 
25.0 1.83691686727 95.1490947817 1.35 0.568278941176 22.0 1.90917647943 
26.0 1.91071032723 66.6932907348 1.40384615385 0.337592183258 22.0 1.78953002636 
27.0 2.07075574324 69.8056443024 1.40740740741 0.328975457516 23.0 1.74625748218 
4.0 1.67471124815 22.6757188498 0.575 0.0639335661765 9.0 2.0639769196 
11.0 1.62670470176 32.9020234292 1.01818181818 0.0280178475936 8.0 1.74764733123 
5.0 2.03634042833 27.1219382322 0.56 0.0539096470588 7.0 2.31673525181 
6.0 1.66804846948 27.1219382322 0.583333333333 0.0312519607843 11.0 1.60091746958 
5.0 1.17254689289 20.8972310969 0.63 0.0257828529412 8.0 0.899397929974 
6.0 2.44108881305 7.55857294995 1.275 0.0298771813725 3.0 2.52469356482 
47.0 1.92168909681 86.256656017 1.23510638298 0.149980578849 5.0 1.64538369279 
11.0 2.1322494182 29.7896698616 1.0 0.0766990508021 2.0 2.51811541532 
5.0 0.97784432649 4.00159744409 1.26 0.0236470588235 1.0 2.71685510365 
12.0 2.45306048158 99.595314164 1.04166666667 4.82782620098 7.0 1.65978123475 
28.0 2.05251567799 47.5745473908 1.5 0.0619496165966 2.0 1.48518803197 
24.0 1.1047059157 35.5697550586 1.35208333333 0.0495604227941 3.0 1.34294610709 
45.0 2.06160882821 74.696485623 1.26555555556 0.132323627451 5.0 1.75965231942 
28.0 2.22177252796 44.4621938232 1.3125 0.0966989758403 5.0 2.49065832222 
12.0 1.89488160672 17.7848775293 1.425 0.0749560171569 5.0 1.96218580527 
1.0 1.3591602151 0.444621938232 0.05 0.0292986764706 0.0 0.0 
42.0 1.86521348959 81.3658146965 1.29761904762 0.199111985294 8.0 2.17468149708 
22.0 1.80452941683 28.9004259851 1.32045454545 0.0784896256684 4.0 0.74637564015 
20.0 1.83883941591 25.7880724175 1.365 0.0753952058824 2.0 1.21488045256 
7.0 1.81069832873 8.00319488818 1.48571428571 0.0255333193277 2.0 1.05575872883 
11.0 2.1224864911 10.6709265176 1.29545454545 0.038088302139 0.0 0.0 
51.0 1.74358451273 78.6980830671 1.27941176471 0.190848379469 6.0 1.53181890428 
5.0 1.30654684066 20.8972310969 0.63 0.0257828529412 8.0 0.965727540328 
20.0 1.91184471334 43.5729499468 1.325 0.0804248014706 9.0 2.02146279255 
2.0 2.11683264547 32.0127795527 0.025 0.350542058824 4.0 0.995591195247 
2.0 2.16109462187 2.66773162939 1.5 0.0230028676471 1.0 1.50929618702 
26.0 1.64586785952 218.309371672 1.23461538462 3.1579452319 7.0 1.68942326364 
28.0 1.7967035224 66.2486687966 1.1875 0.0949960136555 15.0 1.90224451427 
42.0 2.14871709347 95.1490947817 1.42380952381 0.196935178571 8.0 2.17210552287 
21.0 1.6981212866 30.2342917998 1.34523809524 0.0654129411765 4.0 1.8714498037 
39.0 1.9170388869 64.0255591054 1.31025641026 0.12805535822 5.0 2.05586280735 
29.0 2.26897254222 52.4653887114 1.09827586207 0.164988818458 4.0 1.90778444906 
21.0 1.61765657864 101.373801917 1.1619047619 0.630300567227 9.0 1.54473964098 
30.0 1.75272410557 47.5745473908 1.35 0.0920608186275 4.0 2.04325408867 
32.0 1.63977481847 85.8120340788 1.390625 0.463943878676 18.0 1.94942997222 
5.0 1.98706997612 12.4494142705 0.39 0.0240249117647 0.0 0.0 
63.0 2.01067718585 136.498935037 1.37301587302 0.186820011671 16.0 2.28883574114 
43.0 2.01386866827 105.820021299 1.39651162791 0.372217592339 16.0 1.79217563464 
32.0 2.02708631969 100.48455804 1.415625 0.262644002757 12.0 2.06225087175 
41.0 1.65516439658 72.0287539936 1.38658536585 0.209566667862 9.0 1.31184999188 
35.0 2.05271456163 56.9116080937 1.47428571429 0.0489141386555 12.0 1.76776958867 
27.0 1.62906237927 104.486155485 1.37222222222 0.719208965142 12.0 1.88236933388 
42.0 1.66063926661 73.3626198083 1.38928571429 0.205262864146 9.0 1.30991061007 
24.0 1.49395309431 64.9148029819 1.38541666667 0.267852181373 12.0 2.35371356349 
14.0 2.09158233422 20.8972310969 1.08571428571 0.0964357878151 14.0 2.27869432903 
43.0 1.92689998816 76.0303514377 1.43372093023 0.0739631634747 8.0 2.13314793889 
28.0 1.6829173737 71.1395101171 1.40178571429 0.237121544118 19.0 2.25627462413 
12.0 1.65923597167 83.1443024494 0.975 0.194161568627 12.0 1.85054708085 
24.0 1.44741657096 293.005857295 1.12083333333 1.28690306985 11.0 2.37584540191 
21.0 1.68417142478 131.608093717 1.04523809524 0.23809162465 14.0 1.57988181463 
13.0 1.75902306795 86.7012779553 1.01538461538 0.181479807692 13.0 1.92224860377 
10.0 1.71735070581 8.89243876464 1.12 0.0341419411765 4.0 2.09204553475 
6.0 1.93841247562 11.560170394 1.31666666667 0.0228052696078 4.0 2.3048343659 
6.0 2.01097385686 14.2279020234 0.883333333333 0.0157169607843 3.0 2.634110035 
18.0 2.0133912043 22.6757188498 1.04166666667 0.213296576797 7.0 2.30179496907 
21.0 1.68452145617 136.054313099 1.04523809524 0.240364621849 16.0 1.74204369665 
4.0 1.80594279412 13.7832800852 0.9875 0.0227640808824 6.0 2.65495611133 
11.0 2.34745979858 17.3402555911 1.03181818182 0.0176413101604 3.0 2.24720550371 
3.0 1.24012002358 8.89243876464 0.55 0.0400453921569 0.0 0.0 
16.0 2.28866876176 70.2502662407 1.178125 0.043714375 9.0 2.05265831152 
3.0 2.60160268151 4.44621938232 1.45 0.0107882843137 2.0 1.67487371133 
1.0 1.26419596181 76.0303514377 0.0 13.9644302941 1.0 0.500890493301 
5.0 1.78600127562 11.560170394 0.88 0.0616596764706 3.0 1.98449414997 
1.0 1.19121600826 3.11235356763 1.0 0.0292986764706 1.0 2.69480058862 
4.0 1.72741957607 9.78168264111 0.475 0.0294689338235 7.0 1.68184439901 
16.0 1.96592598487 16.0063897764 1.18125 0.0369841452206 7.0 2.22699725048 
12.0 2.03672480966 13.338658147 0.925 0.0887698284314 4.0 1.76408835776 
4.0 0.976884255998 6.66932907348 0.7875 0.0155520220588 7.0 1.03993668561 
4.0 0.961264447655 6.66932907348 0.7875 0.0155520220588 7.0 1.07680546599 
6.0 1.70162076019 23.1203407881 0.991666666667 0.0756317401961 4.0 2.67854931358 
4.0 1.89467264222 8.00319488818 1.3875 0.00924709558824 7.0 1.75221728825 
2.0 0.963002087315 1.77848775293 0.95 0.0161142647059 1.0 1.61526613604 
2.0 0.752558202309 1.77848775293 0.95 0.0161142647059 1.0 1.61526613604 
1.0 0.899538914791 0.444621938232 1.5 0.00292985294118 0.0 0.0 
10.0 1.43531520468 8.00319488818 1.01 0.0245304411765 9.0 1.62045488976 
4.0 1.65571967176 6.22470713525 1.175 0.00892610294118 2.0 1.50331278882 
14.0 1.6874006416 19.118743344 0.985714285714 0.267099548319 8.0 2.12820551876 
0.0 0.0 0.0 0.0 0.0 1.0 0.565383063053 
15.0 1.9966722852 20.0079872204 1.10666666667 0.250096911765 5.0 1.82914620248 
1.0 0.268676744976 0.444621938232 0.05 0.0292986764706 1.0 2.63646872061 
3.0 2.53060388786 4.44621938232 1.45 0.0107882843137 2.0 1.54947152561 
15.0 2.02950658428 20.0079872204 1.12666666667 0.250096911765 5.0 1.96036377101 
4.0 2.06256358212 4.89084132055 1.5 0.00253275735294 11.0 2.29272644154 
7.0 2.29453417487 40.9052183174 1.23571428571 0.182060273109 6.0 2.08767233687 
9.0 2.25797520594 52.0207667732 1.06666666667 0.108521372549 5.0 2.16869674622 
18.0 2.32608197063 74.696485623 1.20833333333 0.0405146323529 9.0 2.00882627351 
26.0 1.72806929303 307.678381257 1.04230769231 1.20596585407 9.0 1.95304742693 
4.0 1.73880372798 12.4494142705 0.225 0.0366233823529 3.0 1.60097381019 
1.0 0.793897016602 0.889243876464 0.7 0.0292986764706 0.0 0.0 
9.0 1.48875721299 7.55857294995 0.955555555556 0.026929248366 7.0 1.13412851383 
16.0 2.04526343059 20.4526091587 1.059375 0.235726387868 6.0 2.3401816436 
10.0 1.85629250264 128.940362087 0.845 1.56309741176 8.0 1.94936633149 
4.0 1.75454756569 56.0223642173 0.8625 2.57774731618 7.0 2.08265016201 
10.0 2.4469288293 33.7912673056 1.305 0.0303899264706 9.0 1.8955218127 
11.0 2.11385798487 50.2422790202 0.918181818182 0.105033649733 2.0 2.34004428218 
8.0 1.66073644829 52.4653887114 1.15 0.189661378676 6.0 2.24987203824 
1.0 1.88698453806 4.44621938232 1.2 0.0292986764706 1.0 2.83866349755 
3.0 1.57016247147 3.55697550586 1.5 0.00240039215686 6.0 1.55352124363 
7.0 1.74772058651 27.1219382322 1.02142857143 0.0714405672269 5.0 1.95930839876 
7.0 1.80914006787 24.898828541 1.03571428571 0.067673592437 5.0 2.00190079595 
11.0 1.88812490718 42.2390841321 1.28636363636 0.043531644385 7.0 1.94665941533 
6.0 1.85829810177 16.0063897764 1.1 0.0370100490196 3.0 1.44079798073 
14.0 1.88728294723 119.603301384 0.953571428571 7.46855996849 7.0 1.50301456473 
8.0 1.90941690953 51.1315228967 0.88125 0.0418253308824 10.0 1.6084695986 
11.0 2.49523599048 52.4653887114 1.20454545455 0.0851602673797 9.0 1.87179592869 
4.0 1.90681264035 11.560170394 0.35 0.118712794118 8.0 1.8473094604 
1.0 2.96650173194 0.889243876464 1.25 0.00292985294118 1.0 2.74213452661 
7.0 2.08015345867 13.338658147 0.378571428571 0.0766271008403 5.0 1.97801506443 
3.0 1.72944539459 10.6709265176 0.25 0.157307107843 6.0 0.990788625341 
1.0 0.610814427417 0.889243876464 0.4 0.00292985294118 1.0 0.163623939223 
3.0 1.59394221502 10.6709265176 0.25 0.157307107843 8.0 1.59820666182 
2.0 1.76420055283 9.33706070288 0.125 0.230377941176 6.0 1.57376448421 
1.0 0.756515157278 0.444621938232 0.4 0.000536764705882 0.0 0.0 
3.0 1.38214152431 11.1155484558 0.266666666667 0.0126998529412 4.0 1.58928532631 
6.0 1.80113350282 13.7832800852 1.5 0.024903872549 3.0 0.422726821288 
4.0 2.00404152007 8.44781682641 1.3625 0.0227064705882 2.0 1.15507397695 
3.0 1.67220397703 10.6709265176 0.25 0.157307107843 7.0 1.24882904657 
1.0 2.39638104284 2.66773162939 1.35 0.00292985294118 3.0 1.15527121846 
12.0 2.40942272763 34.2358892439 1.40416666667 0.187863296569 2.0 2.64265808674 
8.0 1.61746744806 12.8940362087 1.5 0.0168180882353 8.0 2.03327306343 
4.0 1.67349233559 6.66932907348 1.25 0.00910117647059 5.0 1.00556869053 
9.0 1.50335799634 15.1171458999 1.5 0.0182048202614 6.0 2.225088617 
3.0 1.57053551703 10.6709265176 0.25 0.157307107843 8.0 1.43908985779 
9.0 1.57340511114 16.4510117146 1.5 0.0211360947712 9.0 2.04731205765 
3.0 1.94000015536 5.78008519702 1.01666666667 0.0117194607843 1.0 2.74213452661 
6.0 2.25874213042 21.3418530351 1.4 0.0545747303922 6.0 1.67325566887 
3.0 2.37852104666 8.44781682641 0.15 0.0390649509804 3.0 1.38240967035 
3.0 2.51335145243 2.22310969116 0.766666666667 0.0117194607843 0.0 0.0 
0.0 0.0 0.0 0.0 0.0 2.0 2.2776109752 
1.0 2.32073163714 4.00159744409 0.4 0.0292986764706 0.0 0.0 
1.0 2.00749468205 5.78008519702 1.1 0.123054705882 6.0 2.18469864694 
3.0 2.41654707023 9.33706070288 0.683333333333 0.0207442647059 3.0 1.59679065348 
6.0 1.80113350282 13.7832800852 1.5 0.024903872549 3.0 0.422726821288 
8.0 2.23696207 32.0127795527 1.2625 0.143546930147 4.0 1.62681620564 
4.0 1.70535049881 19.5633652822 0.2125 0.0241742647059 4.0 0.952463457612 
12.0 2.30727932524 72.0287539936 1.18333333333 0.256897659314 9.0 2.02278528826 
3.0 1.75359315425 13.338658147 0.25 0.022466127451 4.0 1.45358283918 
14.0 1.76702741801 54.2438764643 1.26785714286 0.116030147059 4.0 2.05344332496 
11.0 2.2291495269 67.1379126731 1.15454545455 0.269648703209 10.0 2.22262707794 
2.0 1.03378275463 9.33706070288 0.125 0.230377941176 6.0 1.62219337126 
3.0 2.13593629844 12.8940362087 1.36666666667 0.0605506862745 5.0 1.41159745812 
6.0 2.17918536198 22.6757188498 1.30833333333 0.0566534068627 4.0 1.74769542719 
21.0 1.67096457787 124.049520767 1.12380952381 0.238265686275 8.0 1.87879381175 
4.0 1.65789932346 19.5633652822 0.2125 0.0241742647059 4.0 1.20170114209 
7.0 1.0095279787 15.5617678381 1.07857142857 0.0409107983193 2.0 1.57304754498 
6.0 2.17918536198 22.6757188498 1.30833333333 0.0566534068627 4.0 1.74769542719 
4.0 1.71116714781 10.6709265176 0.325 0.0292986764706 0.0 0.0 
22.0 1.73850710838 131.163471778 1.12954545455 0.231148489305 13.0 2.15734409948 
21.0 1.64211355509 126.272630458 1.1119047619 0.240760385154 9.0 1.99037118315 
2.0 1.63139865147 11.1155484558 0.85 0.0909066911765 3.0 1.09541764253 
0.0 0.0 0.0 0.0 0.0 1.0 2.06478922595 
10.0 2.1558347753 45.7960596379 1.2 0.0922398823529 6.0 2.65457838272 
0.0 0.0 0.0 0.0 0.0 0.0 0.0 
26.0 1.77349187017 140.055910543 1.13076923077 0.186326651584 15.0 1.99517853396 
9.0 2.52979939732 52.9100106496 0.888888888889 0.203197352941 8.0 2.18323418752 
4.0 1.77808662952 19.5633652822 0.2125 0.0241742647059 4.0 1.05775202227 
14.0 1.67875884464 89.3690095847 1.01071428571 0.172740546218 12.0 1.76505220941 
14.0 2.07530866136 72.9179978701 0.978571428571 0.17629822479 12.0 2.03518402593 
15.0 2.11080555479 80.47657082 0.966666666667 0.174643686275 12.0 2.0201404288 
0.0 0.0 0.0 0.0 0.0 0.0 0.0 
11.0 1.83045535755 44.017571885 1.19090909091 0.127896417112 7.0 1.70160437953 
4.0 2.60344004932 8.44781682641 0.9875 0.0227093014706 2.0 2.73918947561 
20.0 1.80921551878 120.937167199 1.0925 0.242695639706 15.0 1.69357971958 
21.0 2.04787151778 121.381789137 1.04047619048 0.253113410364 14.0 1.65662954113 
5.0 1.64854546131 22.2310969116 0.87 0.181479 5.0 1.54378881608 
9.0 1.75785899376 41.3498402556 1.30555555556 0.0998711764706 10.0 2.1209339679 
9.0 1.81134659489 40.0159744409 1.28888888889 0.101788120915 6.0 1.89699658186 
21.0 1.67433139797 136.054313099 1.04523809524 0.240364621849 16.0 1.74482739897 
28.0 2.05715573889 175.625665602 1.09642857143 0.211209543067 18.0 2.16572272249 
2.0 1.91796506125 13.7832800852 0.95 0.138160147059 5.0 2.1748190261 
29.0 1.94046412546 179.182641108 1.11034482759 0.204936754564 18.0 2.15782287594 
19.0 2.05636741556 116.046325879 1.07105263158 0.249330348297 14.0 1.73362415614 
6.0 1.53913723142 20.0079872204 1.40833333333 0.0434071813725 3.0 1.73177392389 
15.0 1.99287408198 97.8168264111 1.03333333333 0.169334421569 14.0 1.99706466343 
22.0 1.79765071008 129.829605964 1.1 0.222614518717 16.0 1.87587699158 
4.0 1.8765960675 21.7864749734 1.0875 0.111481544118 5.0 1.88121095573 
26.0 1.77909042471 160.063897764 1.08076923077 0.209449168552 21.0 2.09942334969 
8.0 2.17045695179 45.3514376997 1.075 0.398963841912 5.0 2.36334482129 
4.0 1.72169497694 9.78168264111 0.475 0.0294689338235 7.0 1.69227188657 
7.0 1.91598675217 44.017571885 0.85 0.245877226891 9.0 2.22116893015 
11.0 1.37666082927 28.0111821086 0.818181818182 0.0809582620321 2.0 2.09128971154 
17.0 2.02484044735 88.03514377 1.12941176471 0.112079636678 10.0 2.01008883531 
13.0 1.57571910919 71.1395101171 1.08076923077 0.125686210407 10.0 1.69812460011 
15.0 1.90315521122 120.047923323 0.99 6.97065787255 6.0 1.29463134494 
5.0 2.15238890482 7.55857294995 1.03 0.0140633529412 1.0 1.88218429707 
5.0 1.57854042364 8.44781682641 0.99 0.0187534117647 2.0 1.44849842997 
4.0 1.89479810569 6.22470713525 1.175 0.00892610294118 2.0 1.47245398496 
13.0 1.67320179885 17.7848775293 1.03846153846 0.283179151584 5.0 2.02624781615 
7.0 1.66024479103 13.7832800852 0.914285714286 0.0259664285714 1.0 2.48709887401 
7.0 2.43152366114 5.78008519702 0.914285714286 0.0255317016807 1.0 2.7194150581 
4.0 2.0606469884 6.66932907348 1.4125 0.0161170955882 1.0 1.97357888005 
6.0 2.19071565763 16.0063897764 0.391666666667 0.0341818137255 4.0 1.53058792439 
8.0 2.30701816286 21.7864749734 0.3625 0.0329610294118 3.0 1.33874217745 
9.0 1.48875721299 7.55857294995 0.955555555556 0.026929248366 7.0 1.13412851383 
3.0 2.15962169019 3.55697550586 1.5 0.00239661764706 8.0 2.28014558264 
12.0 1.82329303908 13.338658147 0.920833333333 0.048764129902 8.0 1.3306771576 
11.0 1.90777060181 96.9275825346 1.05454545455 9.3808496123 7.0 1.97934764429 
8.0 1.74375813406 10.2263045793 0.81875 0.122634044118 2.0 1.49889938756 
5.0 1.6000450139 56.9116080937 0.99 2.06246388235 11.0 2.03653063642 
0.0 0.0 0.0 0.0 0.0 1.0 0.565383063053 
10.0 2.35405959859 24.4542066028 0.635 0.0263513676471 2.0 1.35077689237 
4.0 1.33133103606 7.55857294995 1.475 0.00952205882353 3.0 2.54429857494 
7.0 2.29134560014 10.2263045793 1.10714285714 0.0297172478992 4.0 1.99815353801 
21.0 1.79832563928 290.338125666 0.902380952381 1.49347782913 10.0 1.93832471139 
10.0 1.43192275381 7.11395101171 0.785 0.0249061617647 4.0 0.386424568588 
1.0 0.422599834256 2.66773162939 0.5 0.0292986764706 0.0 0.0 
6.0 2.16415019762 8.44781682641 1.375 0.0184512990196 3.0 2.58629957181 
4.0 1.54355611314 4.44621938232 0.45 0.00293268382353 2.0 1.03460936784 
4.0 1.68953542073 5.33546325879 1.5 0.0188602941176 2.0 1.63207580391 
2.0 1.46022937108 2.22310969116 0.45 0.00292985294118 2.0 2.06921873569 
4.0 2.62905802266 4.89084132055 1.5 0.00252992647059 8.0 2.04606420494 
5.0 1.57365785954 56.9116080937 0.99 2.06246388235 10.0 1.94462525727 
8.0 2.1897784874 39.1267305644 1.1125 0.0946200183824 3.0 2.26046242303 
6.0 1.92035144851 60.4685835996 1.01666666667 1.72360301471 6.0 1.28639697441 
8.0 1.99732650516 19.118743344 0.65 0.0191306617647 7.0 1.22595641543 
3.0 2.03108596958 3.55697550586 1.5 0.00240039215686 6.0 1.72827954011 
5.0 2.13573800927 56.9116080937 0.99 2.06246388235 8.0 1.72683644406 
7.0 1.88551136107 15.1171458999 0.7 0.0176780882353 7.0 1.13102074768 
5.0 1.75593951985 56.9116080937 0.99 2.06246388235 8.0 1.59945481985 
2.0 2.6119667596 4.89084132055 0.275 0.0878961764706 3.0 1.5699593791 
2.0 1.63139865147 11.1155484558 0.85 0.0909066911765 3.0 1.09541764253 
4.0 1.95612674649 27.5665601704 0.3875 0.0235215073529 0.0 0.0 
2.0 2.80635944428 13.7832800852 0.4 0.0433893382353 3.0 0.653081333545 
5.0 0.912156618329 20.4526091587 0.27 0.1193985 2.0 2.34078394468 
2.0 2.64739452338 2.22310969116 1.5 0.0149197794118 1.0 2.6498178762 
6.0 2.46023248277 24.0095846645 0.3 0.0390649509804 4.0 1.91805915371 
6.0 2.46023248277 24.0095846645 0.3 0.0390649509804 4.0 1.91805915371 
1.0 1.04668277293 3.55697550586 0.6 0.00292985294118 2.0 1.24257763044 
5.0 1.14974810193 22.2310969116 0.87 0.181479 8.0 1.90928462104 
3.0 2.60006475777 6.22470713525 1.1 0.00120754901961 3.0 2.36312820366 
1.0 0.848632317475 3.55697550586 0.6 0.00292985294118 2.0 1.48411817984 
5.0 1.7969471374 43.5729499468 0.75 0.0656372941176 8.0 1.83063680423 
2.0 1.38833359392 23.1203407881 0.175 0.0319253676471 1.0 1.74533397942 
6.0 1.52188067838 47.1299254526 0.741666666667 0.0551879411765 8.0 1.8972792178 
2.0 1.42611276738 14.2279020234 0.375 0.0439480882353 0.0 0.0 
6.0 1.92464365315 24.0095846645 0.441666666667 0.104381862745 1.0 1.89866125819 
2.0 1.48319311701 5.33546325879 0.8 0.0161142647059 1.0 0.298666562098 
2.0 2.5885979124 4.89084132055 0.275 0.0878961764706 3.0 1.58497172578 
3.0 1.6212054932 14.2279020234 0.783333333333 0.0109283333333 5.0 2.08459300808 
1.0 2.97170127088 8.00319488818 0.25 0.05748 3.0 0.69750899918 
6.0 1.80113350282 13.7832800852 1.5 0.024903872549 3.0 0.422726821288 
6.0 1.79898697197 46.2406815761 0.85 0.0551860539216 7.0 1.33273834732 
2.0 1.2847826585 9.33706070288 0.25 0.0296514705882 3.0 0.62300093174 
19.0 2.45723036049 30.678913738 1.46052631579 0.0255200232198 6.0 2.30612104132 
2.0 2.32521929044 16.0063897764 0.425 0.0161199264706 3.0 2.19366744254 
4.0 1.63774137207 6.66932907348 1.25 0.00910117647059 5.0 1.06814975517 
6.0 1.14354019642 47.1299254526 0.741666666667 0.0551879411765 8.0 1.24837046618 
6.0 1.26550932491 47.1299254526 0.741666666667 0.0551879411765 8.0 1.22001290937 
3.0 1.6212054932 14.2279020234 0.783333333333 0.0109283333333 5.0 2.08459300808 
8.0 2.01604133214 51.1315228967 0.88125 0.0418253308824 10.0 1.75756836897 
14.0 1.96873162917 14.6725239617 0.867857142857 0.0884219222689 5.0 1.85503979037 
5.0 1.90896647214 11.1155484558 0.6 0.0292986764706 1.0 1.8412886178 
5.0 1.55436108604 28.4558040469 0.94 0.150429294118 4.0 2.2480568506 
1.0 1.67549785274 2.66773162939 0.5 0.0292986764706 0.0 0.0 
17.0 1.684092964 13.338658147 0.970588235294 0.0307333737024 6.0 1.94731633264 
2.0 1.4594163907 8.00319488818 0.15 0.0439480882353 2.0 0.36439620998 
2.0 1.2847826585 9.33706070288 0.25 0.0296514705882 3.0 0.62300093174 
4.0 1.64592394839 6.66932907348 1.25 0.00910117647059 4.0 0.691768000771 
21.0 2.04194297362 121.381789137 1.04047619048 0.253113410364 14.0 1.63798789773 
5.0 1.85249287148 8.89243876464 1.5 0.0181972941176 3.0 1.26818046386 
3.0 1.68728148709 8.00319488818 1.2 0.0205128431373 5.0 2.5422157054 
8.0 1.64851620369 18.6741214058 0.75 0.0739763602941 1.0 2.06556522434 
3.0 1.62167736961 5.78008519702 1.06666666667 0.0117232352941 2.0 2.83916267824 
12.0 2.04972568396 43.5729499468 1.30416666667 0.0401481617647 7.0 1.88680371005 
11.0 1.83962687464 29.7896698616 1.26818181818 0.0368103877005 11.0 2.31715987386 
10.0 1.69316630523 48.0191693291 1.08 0.322194852941 7.0 2.03508337861 
15.0 1.9256299791 122.271033014 0.973333333333 6.97260921569 6.0 1.34219505311 
8.0 1.98564765948 19.118743344 0.65 0.0191306617647 7.0 1.25456714394 
6.0 2.19071565763 16.0063897764 0.391666666667 0.0341818137255 4.0 1.53058792439 
7.0 1.24921624388 13.7832800852 0.757142857143 0.167651869748 1.0 1.03501937569 
4.0 2.02948553081 15.1171458999 0.8875 0.0220315808824 4.0 1.53869994809 
6.0 2.25581507219 12.0047923323 0.891666666667 0.0195033578431 2.0 1.63584563413 
7.0 1.63436155656 50.6869009585 0.885714285714 0.205645231092 3.0 1.47454591083 
3.0 1.80030882536 2.22310969116 1.16666666667 0.0206887254902 2.0 2.22393953519 
11.0 1.37301666215 8.00319488818 0.763636363636 0.0253054812834 6.0 1.33766037684 
6.0 1.90789777919 8.44781682641 1.06666666667 0.0152633578431 1.0 2.10936562161 
1.0 2.36570837885 0.444621938232 1.5 0.00294117647059 0.0 0.0 
10.0 1.38657883119 8.00319488818 0.845 0.0379900441176 3.0 2.11499917481 
1.0 2.99282192706 0.889243876464 1.2 0.00144808823529 2.0 0.458695642099 
11.0 1.4708067019 8.00319488818 0.763636363636 0.0253054812834 4.0 0.17892380968 
11.0 2.15363441398 22.2310969116 0.977272727273 0.0226703208556 2.0 1.94731235437 
7.0 1.7454991853 11.560170394 1.25 0.0255667016807 2.0 1.50449210988 
8.0 1.74375813406 10.2263045793 0.81875 0.122634044118 2.0 1.49889938756 
5.0 1.57177116504 6.22470713525 1.5 0.0156742058824 3.0 1.90094896323 
10.0 2.18225639564 11.560170394 0.93 0.100742970588 3.0 1.74702486796 
2.0 1.43775650097 4.44621938232 0.325 0.0292986764706 0.0 0.0 
9.0 1.93087321754 15.1171458999 1.25 0.0263960294118 2.0 1.80010529452 
2.0 1.57991366796 1.77848775293 1.0 0.0295681617647 1.0 1.48071516784 
18.0 1.70134398739 105.375399361 0.705555555556 0.236954591503 4.0 1.04950640781 
4.0 2.02948553081 15.1171458999 0.8875 0.0220315808824 4.0 1.53869994809 
4.0 1.54355611314 4.44621938232 0.45 0.00293268382353 2.0 1.03460936784 
4.0 1.15272505237 10.6709265176 0.3375 0.0291590073529 1.0 1.65002386408 
6.0 2.28665480536 10.2263045793 0.941666666667 0.0205090686275 2.0 1.28945796178 
13.0 2.09368402179 31.1235356763 0.865384615385 0.0259276357466 1.0 1.40752583473 
2.0 2.28136904868 13.7832800852 0.4 0.0433893382353 4.0 1.378962991 
5.0 1.93517021612 36.9036208733 0.55 0.0181947058824 0.0 0.0 
0.0 0.0 0.0 0.0 0.0 0.0 0.0 
7.0 1.61622226655 49.797657082 0.828571428571 0.0477225 10.0 1.54433401429 
5.0 1.29479653004 8.00319488818 1.12 0.0417111176471 1.0 2.6498178762 
1.0 0.365700176494 3.55697550586 0.6 0.00292985294118 2.0 0.953604217847 
3.0 1.6904357117 6.22470713525 1.31666666667 0.0205090686275 2.0 1.56919771473 
2.0 1.66297754704 23.1203407881 0.175 0.0319253676471 3.0 2.28058550421 
1.0 0.450954093655 0.889243876464 0.4 0.00292985294118 1.0 0.163623939223 
6.0 2.14768231277 40.0159744409 1.19166666667 0.212181102941 4.0 1.71074392037 
11.0 1.89269740683 22.2310969116 1.46818181818 0.031648368984 7.0 1.79673292644 
10.0 1.56351149696 16.0063897764 1.5 0.0166828088235 8.0 1.7594425511 
11.0 1.4708067019 8.00319488818 0.763636363636 0.0253054812834 4.0 0.17892380968 
6.0 1.79739593831 22.2310969116 1.0 0.0209731127451 2.0 2.07143671413 
14.0 1.88728294723 119.603301384 0.953571428571 7.46855996849 7.0 1.50301456473 
5.0 1.6055707015 13.338658147 0.33 0.0291869411765 2.0 2.23961068797 
0.0 0.0 0.0 0.0 0.0 0.0 0.0 
16.0 2.11128177965 50.2422790202 1.353125 0.0206783639706 6.0 2.19059012833 
11.0 1.4708067019 8.00319488818 0.763636363636 0.0253054812834 4.0 0.17892380968 
0.0 0.0 0.0 0.0 0.0 2.0 0.32546164676 
8.0 1.84940646892 16.4510117146 0.95 0.0230741360294 1.0 2.3211088142 
5.0 1.56826537582 8.00319488818 0.93 0.0182739705882 1.0 2.10936562161 
4.0 1.80892727652 16.8956336528 0.85 0.0237292279412 2.0 2.3787768751 
11.0 1.6104720161 10.2263045793 0.972727272727 0.0329544786096 8.0 1.33139862972 
11.0 1.58136000766 88.03514377 1.0 9.23854573529 4.0 2.26243063648 
21.0 1.84477944379 290.782747604 0.966666666667 1.48749441877 9.0 2.08661909506 
20.0 1.95021522489 17.3402555911 1.025 0.0306682279412 8.0 2.29699078357 
5.0 2.24180044343 16.4510117146 1.01 0.0182112352941 3.0 1.16310104667 
1.0 0.677158988232 3.11235356763 0.3 0.159906617647 0.0 0.0 
2.0 1.40182990987 9.33706070288 0.25 0.0296514705882 3.0 0.668071948323 
13.0 2.02640693775 54.6884984026 0.942307692308 0.0877813461538 8.0 2.2042099973 
8.0 2.05003189224 23.1203407881 0.2625 0.0329610294118 3.0 2.36658038295 
8.0 2.03674547989 51.1315228967 0.9625 0.180008768382 3.0 1.49253475247 
14.0 1.87977789736 255.212992545 0.725 2.22628635504 7.0 1.65290798335 
1.0 1.12567251028 76.0303514377 0.0 13.9644302941 1.0 0.500890493301 
17.0 2.09043627453 60.9132055378 1.29705882353 0.0392464273356 11.0 2.3115888085 
4.0 1.83435340184 17.3402555911 0.8875 0.0233997058824 1.0 1.7838936781 
10.0 2.02420244251 52.4653887114 1.085 0.163111338235 5.0 2.35799680267 
8.0 2.29690075391 48.4637912673 0.74375 0.1396784375 1.0 1.25273174703 
6.0 2.0365174605 25.3434504792 0.8 0.108118651961 6.0 2.15604773024 
4.0 1.78891486146 12.4494142705 1.225 0.0227093014706 3.0 2.6936676212 
20.0 1.83051563024 289.893503727 0.8725 1.56812498529 9.0 1.75101151779 
8.0 1.88593303825 14.6725239617 0.85 0.147061617647 1.0 1.03501937569 
12.0 1.83838807873 67.1379126731 0.941666666667 0.165524497549 5.0 2.37865525299 
3.0 1.28279818376 2.66773162939 1.13333333333 0.0132372058824 0.0 0.0 
4.0 2.31782635437 25.7880724175 0.8625 0.224725220588 1.0 1.88218429707 
4.0 2.00152075937 6.66932907348 1.25 0.00910117647059 7.0 1.668837169 
12.0 1.78070620942 35.5697550586 0.733333333333 0.090810122549 1.0 2.11701419874 
2.0 2.05284575093 6.22470713525 0.175 0.0439480882353 3.0 1.4702288581 
1.0 0.723149034241 3.55697550586 0.15 0.0585975 3.0 1.33786836906 
7.0 2.15075323809 11.560170394 1.02857142857 0.0179993697479 2.0 0.918998101037 
7.0 2.21816055495 40.9052183174 1.23571428571 0.182060273109 6.0 2.03688143501 
7.0 1.80428516781 15.5617678381 0.907142857143 0.0207194327731 1.0 0.738213050326 
5.0 1.67871037932 13.7832800852 1.02 0.0438260882353 3.0 1.43552276996 
0.0 0.0 0.0 0.0 0.0 1.0 0.259347766518 
8.0 2.34299209669 26.6773162939 1.23125 0.0807596691176 5.0 2.13717618653 
14.0 1.9304010394 254.323748669 0.789285714286 2.21305465336 9.0 1.98369786515 
1.0 2.97573955368 5.78008519702 1.1 0.123054705882 1.0 1.96930578443 
3.0 2.14030999952 9.33706070288 1.21666666667 0.0205128431373 1.0 2.88624804448 
4.0 2.12912535511 5.78008519702 1.5 0.0161142647059 3.0 2.04572022891 
12.0 2.02428020824 24.4542066028 1.47083333333 0.0314525612745 6.0 1.78242840154 
3.0 1.93493091017 12.0047923323 0.116666666667 0.0390649509804 2.0 0.565535286389 
4.0 1.79009009534 16.4510117146 1.4 0.0527376838235 8.0 1.93588737298 
12.0 1.9299428512 45.7960596379 1.175 0.0858940686275 11.0 2.25696546824 
10.0 1.63753073624 15.5617678381 1.5 0.0164394852941 7.0 1.58607711898 
2.0 1.62044185 8.00319488818 0.15 0.0439480882353 2.0 0.513134903282 
0.0 0.0 0.0 0.0 0.0 1.0 0.259347766518 
4.0 1.52493223704 19.5633652822 0.95 0.109852022059 5.0 1.24157409293 
2.0 2.51831484086 16.0063897764 0.425 0.0161199264706 2.0 1.70119939335 
1.0 0.62820868318 3.55697550586 0.15 0.0585975 3.0 1.27152074198 
4.0 1.70045514406 6.66932907348 1.25 0.00910117647059 5.0 1.11841275303 
5.0 1.36446351813 29.3450479233 0.83 0.154167882353 5.0 1.74608987822 
4.0 2.04689359062 16.4510117146 1.4 0.0527376838235 5.0 1.17387398577 
8.0 2.71841084802 48.0191693291 0.65625 0.142974540441 1.0 1.25273174703 
6.0 1.72392338858 34.2358892439 0.858333333333 0.130240857843 3.0 1.99138155325 
8.0 2.0428744026 19.5633652822 0.74375 0.0254373897059 1.0 0.738213050326 
3.0 1.82879563931 25.3434504792 0.75 4.45401681373 0.0 0.0 
7.0 1.37648676979 33.7912673056 1.05714285714 0.116240735294 3.0 1.96925457291 
30.0 1.96221921875 316.126198083 1.10166666667 1.04402372059 8.0 2.35371050634 
4.0 1.38231835149 6.66932907348 0.7875 0.0155520220588 8.0 1.46805957032 
4.0 1.52493223704 19.5633652822 0.95 0.109852022059 5.0 1.24157409293 
2.0 1.19116899469 5.33546325879 0.8 0.0161142647059 1.0 0.298666562098 
8.0 1.24993018028 29.3450479233 1.3125 0.0675691727941 7.0 0.967014379256 
8.0 1.15708432729 29.3450479233 1.3125 0.0675691727941 7.0 0.9441779032 
8.0 1.11116853812 29.3450479233 1.3125 0.0675691727941 7.0 1.08273626992 
7.0 1.70302974445 28.0111821086 0.371428571429 0.0376697689076 2.0 2.98448733984 
5.0 1.37666585741 29.3450479233 0.83 0.154167882353 5.0 1.45871620552 
8.0 1.26899731755 29.3450479233 1.3125 0.0675691727941 7.0 0.89364155816 
8.0 1.86635053983 29.3450479233 1.3125 0.0675691727941 7.0 1.69995700947 
4.0 2.00781930253 16.4510117146 1.4 0.0527376838235 5.0 1.19695368581 
8.0 1.18866202731 29.3450479233 1.3125 0.0675691727941 7.0 0.868362367467 
5.0 1.16477357004 22.2310969116 0.87 0.181479 8.0 1.9095876562 
0.0 0.0 0.0 0.0 0.0 0.0 0.0 
13.0 1.98725388105 48.0191693291 1.13076923077 0.112726662896 10.0 1.8620788836 
8.0 1.57115453808 29.3450479233 1.3125 0.0675691727941 7.0 1.14995794123 
9.0 1.73526520457 44.4621938232 1.13333333333 0.079593120915 7.0 2.15729311754 
2.0 0.781937905516 11.1155484558 0.85 0.0909066911765 2.0 1.00864195239 
9.0 1.70339790422 33.3466453674 1.26666666667 0.0633168954248 8.0 2.25282702624 
8.0 2.15554850338 36.0143769968 1.2625 0.151168915441 5.0 1.72638067537 
10.0 1.95147734708 66.6932907348 1.115 0.180078529412 6.0 2.11814985221 
7.0 1.96735592047 13.338658147 0.378571428571 0.0766271008403 4.0 1.95342601218 
6.0 1.83346318266 32.0127795527 0.941666666667 0.133354460784 4.0 2.3790159764 
24.0 1.7987791841 133.38658147 1.13333333333 0.205306280637 18.0 2.0259904007 
6.0 1.59728776244 47.1299254526 0.741666666667 0.0551879411765 7.0 2.39961137049 
12.0 1.90216944365 12.8940362087 1.15 0.041743370098 6.0 1.96991229233 
21.0 1.85212124059 290.782747604 0.966666666667 1.48749441877 9.0 2.09312501884 
5.0 1.97402820325 20.4526091587 1.06 0.0881286176471 8.0 2.0739857846 
