67997.3868
37926.5416
27953.0363
25085.6986
20919.0667
18237.6295
15729.3601
14868.4446
13556.1555
13327.9511
11349.0899
10957.5811
10427.7392
10210.6765
10187.7506
9495.8126
9065.9062
8549.9583
7054.4886
6824.2516
6510.0602
6494.3768
6105.2056
5207.8348
4268.3089
4236.5421
4182.3338
3836.0711
3562.2053
3039.9026
2923.8802
2755.8648
2635.5945
2274.9848
2148.7238
2127.005
1980.8566
1937.4291
1691.0543
1650.2348
1523.3223
1507.8397
1498.9031
1493.9265
1474.9462
1430.8899
1366.1619
1365.3053
1256.9036
1179.1445
1125.7637
1078.8887
1054.1406
1047.2994
956.449
876.885
860.6575
819.5817
812.4732
802.9929
801.945
768.431
759.2893
758.6399
741.186
716.1536
692.4968
680.1682
661.4701
638.8183
636.5533
631.8731
607.9601
585.3526
578.4185
577.3317
557.8477
544.8401
544.5673
537.6568
533.4239
527.6239
526.7561
512.8802
498.2218
479.3786
466.0196
464.8392
463.2336
462.5524
456.8141
443.4528
438.3089
432.0017
430.3396
425.5539
419.474
409.9957
404.3689
401.2549
389.3617
388.9843
385.9114
371.5909
358.6164
355.7476
339.6894
325.9203
322.1326
318.7701
318.7701
317.5724
317.3112
316.9499
313.7988
310.1361
308.6912
308.3529
289.7356
287.4723
286.1964
284.9008
271.4754
263.7415
255.3604
246.9617
243.7428
243.0345
240.7228
239.112
239.0776
239.0776
236.2993
234.2849
233.9414
229.1596
225.3733
225.2535
223.4477
219.9701
219.7008
218.2444
213.7231
213.5504
212.6327
200.0799
199.2313
199.2313
199.2313
197.6011
196.782
195.401
192.2122
191.2621
190.1459
188.7821
183.7939
183.2365
181.9852
181.2249
180.201
179.3082
179.3082
179.3082
174.7604
171.1987
171.1253
169.0116
168.3819
168.3546
159.3851
159.3851
157.4156
152.1497
151.7244
151.7204
151.5345
151.4158
151.4158
149.86
149.0707
148.8489
148.5654
147.3951
145.8889
145.195
142.0646
140.7584
139.4619
139.4619
139.4619
138.8561
135.7602
134.8147
134.5708
132.103
130.7752
127.508
126.9857
123.5234
120.3874
119.5388
119.5388
119.5388
119.5388
119.5388
119.5388
119.5388
119.5388
119.5388
115.9629
115.7718
115.646
115.5542
115.5408
114.8859
114.4205
112.9106
112.1376
111.5695
110.69
108.7365
106.4804
105.5926
105.5176
105.3559
104.1227
103.6003
103.0065
102.08
102.0617
101.608
99.6157
99.6157
99.6157
99.6157
99.6157
99.6157
99.6157
99.6157
99.6157
99.6157
97.0036
94.9628
94.8781
93.5386
93.2156
93.1884
92.9875
92.8451
92.144
91.5635
88.7475
88.1576
87.1681
86.2996
85.6695
84.414
84.0491
83.6772
83.6772
82.9086
82.3088
79.6925
79.6925
79.6925
79.6925
79.6925
79.6925
79.6925
79.6925
79.6925
79.6925
79.6925
79.6925
79.6925
79.6925
79.6925
79.6925
79.6925
79.6925
79.6925
79.6925
79.6925
79.6925
79.6925
79.6925
79.6925
79.6925
79.6925
79.6925
79.6925
79.6925
79.6925
79.6925
75.3616
73.2507
71.7233
70.9796
64.7502
64.292
61.7617
60.12
59.7694
59.7694
59.7694
59.7694
59.7694
59.7694
59.7694
59.7694
59.7694
59.7694
59.7694
59.7694
59.7694
59.7694
59.7694
59.7694
59.7694
59.7694
59.7694
59.7694
59.7694
59.7694
59.7694
59.7694
59.7694
59.7694
59.7694
59.7694
59.7694
59.7694
59.7694
59.7694
59.7694
59.7694
59.7694
59.7694
59.7694
59.7694
59.7694
59.2557
58.2166
57.6201
57.1467
56.9125
56.9125
55.7674
55.7056
55.5474
55.5456
53.5749
53.1584
52.5572
51.807
50.3799
49.6626
49.648
49.3891
48.5795
47.8155
46.5355
46.3032
46.2113
46.0497
45.8232
45.6855
45.4946
45.105
44.3144
44.1162
43.8309
43.8033
42.8347
42.3704
42.1776
41.8386
41.8386
41.8386
41.8386
41.8386
41.8386
41.8386
41.8386
40.0001
39.9479
39.8463
39.8463
39.8463
39.8463
39.8463
39.8463
39.8463
39.8463
39.8463
39.8463
39.8463
39.8463
39.8463
39.8463
39.8463
39.8463
39.8463
39.8463
39.8463
39.8463
39.8463
39.8463
39.8463
39.8463
39.8463
39.8463
39.8463
39.8463
39.8463
39.8463
39.8463
39.8463
39.8463
39.8463
39.8463
39.8463
39.8463
39.8463
39.8463
39.8463
39.8463
39.8463
39.8463
39.8463
39.8463
39.8463
39.8463
39.8463
39.8463
39.8463
39.8463
39.8463
39.8463
39.8463
39.8463
39.8463
39.8463
39.8463
39.8463
39.8463
39.8463
39.8463
39.8463
39.8463
39.8463
39.8463
39.8463
39.8463
39.8463
39.8463
39.8463
39.8463
39.8463
39.8463
39.8463
39.8463
39.8463
39.8463
39.8463
39.8463
39.8463
39.8463
39.8463
39.8463
39.8463
39.8463
39.8463
39.8463
39.8463
39.8463
39.8463
39.8463
39.8463
39.8463
39.8463
39.8463
39.8463
39.8463
39.8463
39.8463
39.8463
39.8463
39.8463
39.8463
39.8463
39.8463
39.8463
39.8463
39.8463
39.8463
39.8463
39.8463
39.8463
39.8463
39.8463
39.8463
39.8463
39.8463
39.8463
39.8463
39.0864
38.4497
38.0205
37.8577
36.4665
34.7793
34.0831
34.0692
33.7613
32.927
31.759
31.5716
31.5077
31.4796
29.8847
29.852
28.1365
24.6983
24.1771
23.9078
23.9078
23.9078
23.4954
23.4321
23.0116
21.9154
21.9154
21.9154
21.9154
21.9154
21.9154
21.9154
21.6439
21.1757
21.0
20.9193
20.5801
20.4029
20.2945
20.2553
20.1144
20.0221
20.0
19.9231
19.9231
19.9231
19.9231
19.9231
19.9231
19.9231
19.9231
19.9231
19.9231
19.9231
19.9231
19.9231
19.9231
19.9231
19.9231
19.9231
19.9231
19.9231
19.9231
19.9231
19.9231
19.9231
19.9231
19.9231
19.9231
19.9231
19.9231
19.9231
19.9231
19.9231
19.9231
19.9231
19.9231
19.9231
19.9231
19.9231
19.9231
19.9231
19.9231
19.9231
19.9231
19.9231
19.9231
19.9231
19.9231
19.9231
19.9231
19.9231
19.9231
19.9231
19.9231
19.9231
19.9231
19.9231
19.9231
19.9231
19.9231
19.9231
19.9231
19.9231
19.9231
19.9231
19.9231
19.9231
19.9231
19.9231
19.9231
19.9231
19.9231
19.9231
19.9231
19.9231
19.9231
19.9231
19.9231
19.9231
19.9231
19.9231
19.9231
19.9231
19.9231
19.9231
19.9231
19.9231
19.9231
19.9231
19.9231
19.9231
19.9231
19.9231
19.9231
19.9231
19.9231
19.9231
19.9231
19.9231
19.9231
19.9231
19.9231
19.9231
19.9231
19.9231
19.9231
19.9231
19.9231
19.9231
19.9231
19.9231
19.9231
19.9231
19.9231
19.9231
19.9231
19.9231
19.9231
19.9231
19.9231
19.9231
19.9231
19.9231
19.9231
19.9231
19.9231
19.9231
19.9231
19.9231
19.9231
19.9231
19.9231
19.9231
19.9231
19.9231
19.9231
19.9231
19.9231
19.9231
19.9231
19.9231
19.9231
19.9231
19.9231
19.9231
19.9231
19.9231
19.9231
19.9231
19.9231
19.9231
19.9231
19.9231
19.9231
19.9231
19.9231
19.9231
19.9231
19.9231
19.9231
19.9231
19.9231
19.9231
19.9231
19.9231
19.9231
19.9231
19.9231
19.9231
19.9231
19.9231
19.9231
19.9231
19.9231
19.9231
19.9231
19.9231
19.9231
19.9231
19.9231
19.9231
19.9231
19.9231
19.9231
19.9231
19.9231
19.9231
19.9231
19.9231
19.9231
19.9231
19.9231
19.9231
19.9231
19.9231
19.9231
19.9231
19.9231
19.9231
19.9231
19.9231
19.9231
19.9231
19.9231
19.9231
19.9231
19.9231
19.9231
19.9231
19.9231
19.9231
19.9231
19.9231
19.9231
19.9231
19.9231
19.9231
19.9231
19.9231
19.9231
19.9231
19.9231
19.9231
19.9231
19.9231
19.9231
19.9231
19.9231
19.9231
19.9231
19.9231
19.9231
19.9231
19.9231
19.9231
19.9231
19.9231
19.9231
19.9231
19.9231
19.9231
19.9231
19.9231
19.9231
19.9231
19.9231
19.9231
19.9231
19.9231
19.9231
19.9231
19.9231
19.9231
19.9231
19.9231
19.9231
19.9231
19.9231
19.9231
19.9231
19.9231
19.9231
19.9231
19.9231
19.9231
19.9231
19.9231
19.9231
19.9231
19.9231
19.9231
19.9231
19.9231
19.9231
19.9231
19.9231
19.9231
19.9231
19.9231
19.9231
19.9231
19.9231
19.9231
19.9231
19.9231
19.9231
19.9231
19.9231
19.9231
19.9231
19.9231
19.9231
19.9231
19.9231
19.9231
19.9231
19.9231
19.9231
19.9231
19.9231
19.9231
19.9231
19.9231
19.9231
19.9231
19.9231
19.9231
19.9231
19.9231
19.9231
19.9231
19.9231
19.9231
19.9231
19.9231
19.9231
19.9231
19.9231
19.9231
19.9231
19.9231
19.9231
19.9231
19.9231
19.9231
19.9231
19.9231
19.9231
19.9231
19.9231
19.9231
19.9231
19.9231
19.9231
19.9231
19.9231
19.9231
19.9231
19.9231
19.9231
19.9231
19.9231
19.9231
19.9231
19.9231
19.9231
19.9231
19.9231
19.9231
19.9231
19.9231
19.9231
19.9231
19.9231
19.9231
19.9231
19.9231
19.9231
19.9231
19.9231
19.9231
19.9231
19.9231
19.9231
19.9231
19.9231
19.9231
19.9231
19.9231
19.9231
19.9231
19.9231
19.9231
19.9231
19.9231
19.9231
19.9231
19.9231
19.9231
19.9231
19.9231
19.9231
19.9231
19.9231
19.9231
19.9231
19.9231
19.9231
19.9231
19.9231
19.9231
19.9231
19.9231
19.9231
19.9231
19.9231
19.9231
19.9231
19.9231
19.9231
19.9231
19.9231
19.9231
19.9231
19.9231
19.9231
19.9231
19.9231
19.9231
19.9231
19.9231
19.9231
19.9231
19.9231
19.9231
19.9231
19.9231
19.9231
19.9231
19.9231
19.9231
19.9231
19.9231
19.9231
19.9231
19.9231
19.9231
19.9231
19.9231
19.9231
19.9231
19.9231
19.9231
19.9231
19.9231
19.9231
19.9231
19.9231
19.9231
19.9231
19.9231
19.9231
19.9231
19.9231
19.9231
19.9231
19.9231
19.9231
19.9231
19.9231
19.9231
19.9231
19.9231
19.9231
19.9231
19.9231
19.9231
19.9231
19.9231
19.9231
19.9231
19.9231
19.9231
19.9231
19.9231
19.9231
19.9231
19.9231
19.9231
19.9231
19.9231
19.9231
19.9231
19.9231
19.9231
19.9231
19.9231
19.9231
19.9231
19.9231
19.9231
19.9231
19.9231
19.9231
19.9231
19.9231
19.9231
19.9231
19.9231
19.9231
19.9231
19.9231
19.9231
19.9231
19.9231
19.9231
19.9231
19.9231
19.9231
19.9231
19.9231
19.9231
19.9231
19.9231
19.9231
19.9231
19.9231
19.9231
19.9231
19.9231
19.9231
19.9231
19.9231
19.9231
19.9231
19.9231
19.9231
19.9231
19.9231
19.9231
19.9231
19.9231
19.9231
19.9231
19.9231
19.9231
19.9231
19.9231
19.9231
19.9231
19.9231
19.9231
19.9231
19.9231
19.9231
19.9231
19.9231
19.9231
19.9231
19.9231
19.9231
19.9231
19.9231
19.9231
19.9231
19.9231
19.9231
19.9231
19.9231
19.9231
19.9231
19.9231
19.9231
19.9231
19.9231
19.9231
19.9231
19.9231
19.9231
19.9231
19.9231
19.9231
19.9231
19.9231
19.9231
19.9231
19.9231
19.9231
19.9231
19.9231
19.9231
19.9231
19.9231
19.9231
19.9231
19.9231
19.9231
19.9231
19.9231
19.9231
19.9231
19.9231
19.9231
19.9231
19.9231
19.9231
19.9231
19.9231
19.9231
19.9231
19.9231
19.9231
19.9231
19.9231
19.9231
19.9231
19.9231
19.9231
19.9231
19.9231
19.9231
19.9231
19.9231
19.9231
19.9231
19.9231
19.9231
19.9231
19.9231
19.9231
19.9231
19.9231
19.9231
19.9231
19.9231
19.9231
19.9231
19.9231
19.9231
19.9231
19.9231
19.9231
19.9231
19.9231
19.9231
19.9231
19.9231
19.9231
19.9231
19.9231
19.9231
19.9231
19.9231
19.9231
19.9231
19.9231
19.9231
19.9231
19.9231
19.9231
19.9231
19.9231
19.9231
19.9231
19.9231
19.9231
19.9231
19.9231
19.9231
19.9231
19.9231
19.9231
19.9231
19.9231
19.9231
19.9231
19.9231
19.9231
19.9231
19.9231
19.9231
19.9231
19.9231
19.9231
19.9231
19.9231
19.9231
19.9231
19.9231
19.9231
19.9231
19.9231
19.9231
19.9231
19.9231
19.9231
19.9231
19.9231
19.9231
19.9231
19.9231
19.9231
19.9231
19.9231
19.9231
19.9231
19.9231
19.9231
19.9231
19.9231
19.9231
19.9231
19.9231
19.9231
19.9231
19.9231
19.9231
19.9231
19.9231
19.9231
19.9231
19.9231
19.9231
19.9231
19.9231
19.9231
19.9231
19.9231
19.5432
19.5432
19.5432
19.5432
18.5175
18.3667
18.261
17.9308
17.9066
17.8619
17.6769
17.4307
17.3502
16.6889
15.8772
15.8198
15.7373
15.1603
14.888
13.9462
13.5709
13.1511
13.0081
12.9003
12.2308
11.5443
11.5341
11.4122
11.3608
11.0655
10.9577
10.8986
10.2849
9.9616
8.9832
8.0595
8.0586
7.7362
7.5925
7.5268
7.4288
7.4166
6.4138
6.3409
6.0877
5.9769
5.9769
5.6317
5.6198
5.5463
5.4222
4.9808
4.8502
4.7742
4.6652
4.2748
4.2743
4.2255
4.2092
4.1743
4.1494
4.0
4.0
3.9846
3.9846
3.9846
3.9846
3.9846
3.9846
3.9846
3.9846
3.9846
3.9846
3.9846
3.8779
3.7533
3.4315
3.1214
3.0446
2.1046
2.1046
2.0332
2.0
2.0
2.0
2.0
2.0
2.0
2.0
2.0
2.0
2.0
2.0
2.0
2.0
2.0
2.0
2.0
2.0
2.0
2.0
2.0
2.0
2.0
2.0
2.0
2.0
2.0
2.0
2.0
2.0
2.0
2.0
2.0
2.0
2.0
2.0
2.0
2.0
2.0
2.0
2.0
2.0
2.0
2.0
2.0
2.0
2.0
2.0
2.0
2.0
2.0
2.0
2.0
2.0
2.0
2.0
2.0
2.0
2.0
2.0
2.0
2.0
2.0
2.0
2.0
2.0
2.0
2.0
2.0
2.0
2.0
2.0
2.0
2.0
2.0
2.0
2.0
2.0
2.0
2.0
2.0
2.0
2.0
2.0
2.0
2.0
2.0
2.0
2.0
2.0
2.0
2.0
2.0
1.9923
1.9923
1.9923
1.9923
1.9923
1.9923
1.9923
1.9923
1.9923
1.9923
1.9923
1.9923
1.9923
1.9923
1.9923
1.9923
1.9923
1.9923
1.9923
1.9923
1.9923
1.9923
1.9923
1.9923
1.9923
1.9923
1.9923
1.9923
1.9923
1.9923
1.9923
1.9923
1.9923
1.9923
1.9923
1.9923
1.9923
1.9923
1.9923
1.9923
1.9923
1.9923
1.9923
1.9923
1.9923
1.9923
1.9923
1.9923
1.9923
1.9923
1.9923
1.9923
1.9923
1.9923
1.9923
1.9923
1.9923
1.9923
1.9923
1.9923
1.9923
1.9923
1.9923
1.9923
1.9923
1.9923
1.9923
1.9923
1.9923
1.9923
1.9923
1.9923
1.9923
1.9923
1.9923
1.9923
1.9923
1.9923
1.9923
1.9923
1.9923
1.9923
1.9923
1.9923
1.9923
1.9923
1.9923
1.9923
1.9923
1.9923
1.9923
1.9923
1.9923
1.9923
1.9923
1.9923
1.9923
1.9923
1.9923
1.9923
1.9923
1.9923
1.9923
1.9923
1.9923
1.9923
1.9923
1.9923
1.9923
1.9923
1.9923
1.9923
1.9923
1.9923
1.9923
1.9923
1.9923
1.9923
1.9923
1.9923
1.9923
1.9923
1.9923
1.9923
1.9923
1.9923
1.9923
1.9923
1.9923
1.9923
1.9923
1.9923
1.9923
1.9923
1.9923
1.9923
1.9923
1.9923
1.9923
1.9923
1.9923
1.9923
1.9923
1.9923
1.9923
1.9923
1.9923
1.9923
1.9923
1.9923
1.9923
1.9923
1.9923
1.9923
1.9923
1.9923
1.9923
1.9923
1.9923
1.9923
1.9923
1.9923
1.9923
1.9923
1.9923
1.9923
1.9923
1.9923
1.9923
1.9923
1.9923
1.9923
1.9923
1.9923
1.9923
1.9923
1.9923
1.9923
1.9923
1.9923
1.9923
1.9923
1.9923
1.9923
1.9923
1.9923
1.9923
1.9923
1.9923
1.9923
1.9923
1.9923
1.9923
1.9923
1.9923
1.9923
1.9923
1.9923
1.9923
1.9923
1.9923
1.9923
1.9923
1.9923
1.9923
1.9923
1.9923
1.9923
1.9923
1.9923
1.6879
1.562
1.4194
1.2701
1.227
1.2121
1.1203
0.9856
0.9847
0.9115
0.9115
0.908
0.9045
0.9011
0.8907
0.8398
0.75
0.7461
0.7329
0.7329
0.7301
0.7272
0.7245
0.7245
0.7079
0.7077
0.6838
0.6666
0.6606
0.5676
0.5462
0.3823
0.3808
0.3808
0.3794
0.3794
0.3794
0.3794
0.3779
0.3779
0.3779
0.3779
0.3779
0.3764
0.3764
0.3764
0.3764
0.375
0.375
0.375
0.375
0.3736
0.3736
0.3736
0.3736
0.3721
0.3721
0.3721
0.3721
0.3721
0.3721
0.3721
0.3721
0.3721
0.3707
0.3707
0.3707
0.3707
0.3707
0.3707
0.3707
0.3707
0.3707
0.3707
0.3693
0.3693
0.3693
0.3693
0.3693
0.3693
0.3693
0.3678
0.3678
0.3678
0.3678
0.3678
0.3678
0.3678
0.3678
0.3678
0.3664
0.3664
0.3664
0.3664
0.3664
0.3664
0.3664
0.365
0.365
0.365
0.365
0.365
0.365
0.365
0.365
0.365
0.365
0.365
0.3636
0.3636
0.3636
0.3636
0.3636
0.3636
0.3636
0.3636
0.3636
0.3636
0.3636
0.3636
0.3636
0.3636
0.3636
0.3636
0.3636
0.3636
0.3636
0.3636
0.3636
0.3636
0.3636
0.3636
0.3636
0.3636
0.3636
0.3636
0.3636
0.3636
0.3636
0.3622
0.3622
0.3622
0.3622
0.3622
0.3622
0.3622
0.3622
0.3622
0.3622
0.3622
0.3622
0.3622
0.3622
0.3622
0.3622
0.3622
0.3622
0.3622
0.3622
0.3622
0.3622
0.3622
0.3622
0.3622
0.3622
0.3622
0.3622
0.354
0.354
0.3535
0.3508
0.3508
0.3494
0.3467
0.3454
0.3419
0.3414
0.3414
0.3398
0.3252
0.2886
0.2861
0.2853
0.285
0.2408
0.237
0.2264
0.1566
0.143
0.143
0.143
0.143
0.143
0.143
0.1403
0.1331
0.1097
0.1092
0.1092
0.093
0.093
0.093
0.093
0.093
0.093
0.0927
0.0927
0.0927
0.0927
0.0927
0.0923
0.0923
0.092
0.092
0.0916
0.0916
0.0916
0.0913
0.0913
0.0913
0.0913
0.0913
0.0913
0.081
0.0451
0.041
0.041
0.0377
0.0358
0.0247
0.0194
0.0193
0.0124
0.0121
0.0062
0.0036
0.0001
