66.0
65.5
65.5
75.0
65.5
75.0
65.5
65.5
66.0
66.0
65.5
65.5
65.5
66.0
66.0
66.0
65.5
66.0
65.5
66.0
66.0
65.0
65.5
66.5
67.5
66.0
65.5
66.5
66.0
68.0
67.0
65.5
65.5
66.0
66.5
65.5
70.0
75.0
66.5
66.0
65.0
66.5
67.0
69.0
66.0
66.0
67.0
67.0
68.5
70.0
66.5
65.5
70.0
67.0
67.0
73.0
66.0
69.0
66.0
65.5
65.5
67.5
75.0
73.0
67.0
67.0
65.0
65.5
66.0
66.5
70.0
66.5
66.0
66.5
66.5
68.5
65.5
66.5
71.0
66.0
70.0
67.0
66.0
65.5
66.0
66.5
66.0
70.0
66.5
70.0
65.5
67.0
70.0
66.0
65.5
67.0
65.5
65.5
66.0
66.0
66.5
70.0
66.0
70.0
65.0
67.5
70.0
66.0
65.5
68.5
70.5
65.5
66.5
66.5
67.0
66.0
67.0
65.5
66.0
65.5
65.0
66.5
65.5
66.0
66.0
75.0
65.5
65.5
66.5
65.0
65.5
65.0
75.0
65.0
65.5
68.5
65.5
65.5
68.0
69.0
66.5
65.0
66.0
65.0
65.0
66.0
66.0
66.0
66.0
73.0
66.5
65.5
70.5
67.0
66.5
65.5
73.5
69.0
66.0
70.0
75.0
70.0
66.0
66.5
65.5
69.0
70.0
74.5
74.0
65.5
67.5
65.5
66.5
65.5
65.0
67.5
66.0
70.0
67.0
65.0
65.5
65.5
65.5
65.0
65.5
65.0
65.5
65.5
69.5
65.5
65.0
65.0
65.5
66.0
65.5
66.5
65.0
75.0
74.5
75.0
67.0
70.0
67.0
66.5
66.5
70.0
70.0
75.0
70.0
67.0
66.0
70.0
68.0
70.0
66.0
70.5
70.0
66.0
70.5
65.0
70.0
75.0
70.0
70.0
75.0
75.0
70.0
65.5
70.0
66.0
70.0
70.0
70.0
70.0
70.0
70.0
66.0
70.0
65.0
70.0
65.5
71.5
65.5
66.0
70.0
66.5
66.0
65.0
66.5
65.5
66.5
67.0
65.0
65.5
65.0
65.5
65.0
66.5
68.0
65.5
69.0
65.0
65.0
65.5
65.5
75.0
67.0
70.0
70.5
66.0
72.0
68.0
75.0
67.0
65.5
65.0
66.5
70.0
66.0
67.0
65.5
66.5
68.0
65.0
65.5
65.5
65.5
65.5
65.0
69.0
65.0
70.0
65.0
67.5
70.0
70.0
70.0
75.0
70.0
70.0
70.0
70.0
75.0
70.0
66.5
70.0
70.0
70.0
65.5
66.5
70.0
65.5
67.5
65.5
66.0
65.5
65.5
65.5
65.5
65.0
69.0
66.0
65.5
65.0
65.5
65.5
66.0
66.0
65.0
65.5
65.5
65.0
65.5
65.0
69.0
65.5
65.5
65.0
65.0
65.5
69.0
66.5
65.5
66.0
65.5
65.5
66.0
65.5
65.5
65.0
65.5
65.5
65.5
66.5
65.5
65.5
72.5
66.5
66.0
65.5
65.5
66.0
68.0
65.0
65.5
66.0
65.5
65.5
66.5
66.0
65.5
65.5
68.0
75.0
65.5
65.0
66.0
65.0
65.0
66.0
65.5
65.0
66.0
75.0
75.0
65.0
65.5
72.0
65.5
74.0
65.0
65.0
75.0
66.0
75.0
65.5
72.0
75.0
72.0
75.0
75.0
65.0
66.0
68.0
72.0
73.0
75.0
65.0
75.0
73.5
75.0
65.0
65.5
65.5
72.0
65.5
65.5
75.0
65.0
70.0
65.5
66.5
65.5
75.0
65.5
80.0
66.0
75.0
75.0
66.0
75.0
65.0
65.5
65.5
75.0
75.0
75.0
75.0
75.0
69.5
67.0
69.0
73.0
66.5
72.0
72.0
66.5
67.0
66.0
85.0
66.0
65.5
65.5
66.0
72.0
65.0
72.0
66.5
72.0
85.0
65.5
65.5
65.0
65.5
67.0
67.0
65.5
80.0
65.0
75.0
80.0
65.0
66.0
65.0
65.5
65.0
80.0
80.0
66.0
66.5
80.0
65.5
65.5
65.5
65.5
70.0
70.5
72.0
66.5
65.5
70.5
71.5
70.0
66.5
69.0
67.5
68.5
70.0
70.0
67.5
70.0
70.0
70.0
70.0
68.0
69.5
67.5
72.5
65.0
70.0
67.0
67.0
66.0
72.5
68.5
66.0
69.5
67.5
69.0
66.5
65.5
70.0
75.0
65.0
68.0
66.5
69.0
67.0
69.5
65.5
71.0
68.0
68.0
67.0
66.0
67.5
66.0
66.0
67.0
70.0
75.0
70.0
70.0
75.0
70.0
70.0
75.0
75.0
70.0
69.5
70.0
70.5
68.0
66.5
67.5
67.0
70.0
66.5
75.0
66.5
71.5
73.0
73.5
75.0
70.0
73.5
70.0
66.0
73.0
66.5
75.0
66.5
66.5
70.0
66.0
67.5
65.5
73.5
67.5
67.5
72.5
66.0
65.5
70.0
73.0
68.0
75.0
65.5
67.0
73.0
65.0
66.0
66.0
75.0
66.0
72.5
65.0
65.5
66.5
66.0
66.0
65.5
66.0
68.0
66.0
65.5
66.0
66.0
65.5
67.0
65.5
70.0
70.0
66.0
67.0
66.0
65.5
65.5
70.0
69.0
70.0
67.0
70.0
69.0
72.0
70.0
70.0
65.0
70.0
65.0
66.0
68.5
67.5
66.5
70.0
71.5
70.0
65.5
65.5
75.0
70.0
75.0
68.0
75.0
69.0
67.5
69.5
68.0
70.0
68.5
68.0
70.0
67.5
70.5
69.0
70.5
68.0
74.0
71.5
75.0
75.0
75.0
65.5
72.5
75.0
68.0
70.0
68.0
70.0
72.5
70.0
70.5
70.0
68.5
70.0
67.5
71.0
67.0
72.0
68.0
66.0
66.5
70.0
66.5
72.0
75.0
72.0
72.5
72.0
75.0
75.0
68.0
65.5
68.0
72.0
68.0
75.0
66.0
66.5
72.0
65.5
75.0
69.0
75.0
68.5
75.0
72.0
75.0
65.5
72.0
75.0
72.0
68.0
66.0
72.0
75.0
72.0
75.0
72.0
75.0
75.0
75.0
65.5
68.5
75.0
75.0
72.0
72.0
69.5
72.5
73.0
66.0
75.0
75.0
75.0
72.0
75.0
68.0
85.0
80.0
66.0
85.0
72.0
72.0
75.0
66.5
66.0
68.0
85.0
85.0
85.0
65.0
66.5
65.5
72.0
67.5
75.0
72.0
67.0
85.0
72.0
66.0
72.0
66.0
85.0
72.0
70.0
72.0
66.5
65.5
72.0
66.5
85.0
72.0
85.0
66.0
85.0
80.0
72.0
72.0
72.0
67.5
70.0
68.0
66.0
80.0
71.0
85.0
85.0
85.0
85.0
66.5
85.0
85.0
70.0
85.0
85.0
85.0
67.5
85.0
72.0
80.0
72.0
72.0
80.0
72.0
65.5
85.0
85.0
72.0
72.0
72.0
72.0
74.0
80.0
72.0
72.0
72.0
72.0
72.0
74.0
72.0
72.0
72.0
72.0
72.0
65.5
66.0
80.0
85.0
65.5
72.0
85.0
65.5
85.0
